price,ticketType,age,discount,date,departure,destination,duration,startTime,arrivalTime
"41,15",Super Sparpreis Young,Y,1,"So.,04.12.2022",Berlin+Hbf,Biberach%28Ri%C3%9F%29,7h 51min,04:49,12:40,1
"47,15",Sparpreis Young,Y,1,"So.,04.12.2022",Berlin+Hbf,Biberach%28Ri%C3%9F%29,7h 51min,04:49,12:40,1
"122,75",Flexpreis,Y,1,"So.,04.12.2022",Berlin+Hbf,Biberach%28Ri%C3%9F%29,7h 51min,04:49,12:40,1
"140,85",Flexpreis Plus,Y,1,"So.,04.12.2022",Berlin+Hbf,Biberach%28Ri%C3%9F%29,7h 51min,04:49,12:40,1
"41,15",Super Sparpreis Young,Y,1,"So.,04.12.2022",Berlin+Hbf,Biberach%28Ri%C3%9F%29,7h 21min,05:49,13:10,3
"47,15",Sparpreis Young,Y,1,"So.,04.12.2022",Berlin+Hbf,Biberach%28Ri%C3%9F%29,7h 21min,05:49,13:10,3
"121,05",Flexpreis,Y,1,"So.,04.12.2022",Berlin+Hbf,Biberach%28Ri%C3%9F%29,7h 21min,05:49,13:10,3
"138,95",Flexpreis Plus,Y,1,"So.,04.12.2022",Berlin+Hbf,Biberach%28Ri%C3%9F%29,7h 21min,05:49,13:10,3
"35,15",Super Sparpreis Young,Y,1,"So.,04.12.2022",Berlin+Hbf,Biberach%28Ri%C3%9F%29,8h 01min,06:30,14:31,1
"39,65",Sparpreis Young,Y,1,"So.,04.12.2022",Berlin+Hbf,Biberach%28Ri%C3%9F%29,8h 01min,06:30,14:31,1
"122,75",Flexpreis,Y,1,"So.,04.12.2022",Berlin+Hbf,Biberach%28Ri%C3%9F%29,8h 01min,06:30,14:31,1
"140,85",Flexpreis Plus,Y,1,"So.,04.12.2022",Berlin+Hbf,Biberach%28Ri%C3%9F%29,8h 01min,06:30,14:31,1
"41,15",Super Sparpreis Young,Y,1,"So.,04.12.2022",Berlin+Hbf,Biberach%28Ri%C3%9F%29,8h 01min,06:41,14:42,1
"47,15",Sparpreis Young,Y,1,"So.,04.12.2022",Berlin+Hbf,Biberach%28Ri%C3%9F%29,8h 01min,06:41,14:42,1
"122,75",Flexpreis,Y,1,"So.,04.12.2022",Berlin+Hbf,Biberach%28Ri%C3%9F%29,8h 01min,06:41,14:42,1
"140,85",Flexpreis Plus,Y,1,"So.,04.12.2022",Berlin+Hbf,Biberach%28Ri%C3%9F%29,8h 01min,06:41,14:42,1
"41,15",Super Sparpreis Young,Y,1,"So.,04.12.2022",Berlin+Hbf,Biberach%28Ri%C3%9F%29,6h 45min,06:55,13:40,2
"47,15",Sparpreis Young,Y,1,"So.,04.12.2022",Berlin+Hbf,Biberach%28Ri%C3%9F%29,6h 45min,06:55,13:40,2
"121,05",Flexpreis,Y,1,"So.,04.12.2022",Berlin+Hbf,Biberach%28Ri%C3%9F%29,6h 45min,06:55,13:40,2
"138,95",Flexpreis Plus,Y,1,"So.,04.12.2022",Berlin+Hbf,Biberach%28Ri%C3%9F%29,6h 45min,06:55,13:40,2
"39,65",Super Sparpreis Young,Y,1,"So.,04.12.2022",Berlin+Hbf,Biberach%28Ri%C3%9F%29,6h 16min,07:24,13:40,3
"45,65",Sparpreis Young,Y,1,"So.,04.12.2022",Berlin+Hbf,Biberach%28Ri%C3%9F%29,6h 16min,07:24,13:40,3
"93,95",Flexpreis,Y,1,"So.,04.12.2022",Berlin+Hbf,Biberach%28Ri%C3%9F%29,6h 16min,07:24,13:40,3
"108,60",Flexpreis Plus,Y,1,"So.,04.12.2022",Berlin+Hbf,Biberach%28Ri%C3%9F%29,6h 16min,07:24,13:40,3
"22,25",Normalpreis,Y,1,"So.,04.12.2022",Berlin+Hbf,Biberach%28Ri%C3%9F%29,8h 16min,07:24,15:40,1
"41,15",Super Sparpreis Young,Y,1,"So.,04.12.2022",Berlin+Hbf,Biberach%28Ri%C3%9F%29,7h 51min,04:49,12:40,1
"47,15",Sparpreis Young,Y,1,"So.,04.12.2022",Berlin+Hbf,Biberach%28Ri%C3%9F%29,7h 51min,04:49,12:40,1
"122,75",Flexpreis,Y,1,"So.,04.12.2022",Berlin+Hbf,Biberach%28Ri%C3%9F%29,7h 51min,04:49,12:40,1
"140,85",Flexpreis Plus,Y,1,"So.,04.12.2022",Berlin+Hbf,Biberach%28Ri%C3%9F%29,7h 51min,04:49,12:40,1
"41,15",Super Sparpreis Young,Y,1,"So.,04.12.2022",Berlin+Hbf,Biberach%28Ri%C3%9F%29,7h 21min,05:49,13:10,3
"47,15",Sparpreis Young,Y,1,"So.,04.12.2022",Berlin+Hbf,Biberach%28Ri%C3%9F%29,7h 21min,05:49,13:10,3
"121,05",Flexpreis,Y,1,"So.,04.12.2022",Berlin+Hbf,Biberach%28Ri%C3%9F%29,7h 21min,05:49,13:10,3
"138,95",Flexpreis Plus,Y,1,"So.,04.12.2022",Berlin+Hbf,Biberach%28Ri%C3%9F%29,7h 21min,05:49,13:10,3
"35,15",Super Sparpreis Young,Y,1,"So.,04.12.2022",Berlin+Hbf,Biberach%28Ri%C3%9F%29,8h 01min,06:30,14:31,1
"39,65",Sparpreis Young,Y,1,"So.,04.12.2022",Berlin+Hbf,Biberach%28Ri%C3%9F%29,8h 01min,06:30,14:31,1
"122,75",Flexpreis,Y,1,"So.,04.12.2022",Berlin+Hbf,Biberach%28Ri%C3%9F%29,8h 01min,06:30,14:31,1
"140,85",Flexpreis Plus,Y,1,"So.,04.12.2022",Berlin+Hbf,Biberach%28Ri%C3%9F%29,8h 01min,06:30,14:31,1
"41,15",Super Sparpreis Young,Y,1,"So.,04.12.2022",Berlin+Hbf,Biberach%28Ri%C3%9F%29,8h 01min,06:41,14:42,1
"47,15",Sparpreis Young,Y,1,"So.,04.12.2022",Berlin+Hbf,Biberach%28Ri%C3%9F%29,8h 01min,06:41,14:42,1
"122,75",Flexpreis,Y,1,"So.,04.12.2022",Berlin+Hbf,Biberach%28Ri%C3%9F%29,8h 01min,06:41,14:42,1
"140,85",Flexpreis Plus,Y,1,"So.,04.12.2022",Berlin+Hbf,Biberach%28Ri%C3%9F%29,8h 01min,06:41,14:42,1
"41,15",Super Sparpreis Young,Y,1,"So.,04.12.2022",Berlin+Hbf,Biberach%28Ri%C3%9F%29,6h 45min,06:55,13:40,2
"47,15",Sparpreis Young,Y,1,"So.,04.12.2022",Berlin+Hbf,Biberach%28Ri%C3%9F%29,6h 45min,06:55,13:40,2
"121,05",Flexpreis,Y,1,"So.,04.12.2022",Berlin+Hbf,Biberach%28Ri%C3%9F%29,6h 45min,06:55,13:40,2
"138,95",Flexpreis Plus,Y,1,"So.,04.12.2022",Berlin+Hbf,Biberach%28Ri%C3%9F%29,6h 45min,06:55,13:40,2
"39,65",Super Sparpreis Young,Y,1,"So.,04.12.2022",Berlin+Hbf,Biberach%28Ri%C3%9F%29,6h 16min,07:24,13:40,3
"45,65",Sparpreis Young,Y,1,"So.,04.12.2022",Berlin+Hbf,Biberach%28Ri%C3%9F%29,6h 16min,07:24,13:40,3
"93,95",Flexpreis,Y,1,"So.,04.12.2022",Berlin+Hbf,Biberach%28Ri%C3%9F%29,6h 16min,07:24,13:40,3
"108,60",Flexpreis Plus,Y,1,"So.,04.12.2022",Berlin+Hbf,Biberach%28Ri%C3%9F%29,6h 16min,07:24,13:40,3
"22,25",Normalpreis,Y,1,"So.,04.12.2022",Berlin+Hbf,Biberach%28Ri%C3%9F%29,8h 16min,07:24,15:40,1
"41,15",Super Sparpreis Young,Y,1,"So.,04.12.2022",Berlin+Hbf,Biberach%28Ri%C3%9F%29,7h 51min,04:49,12:40,1
"47,15",Sparpreis Young,Y,1,"So.,04.12.2022",Berlin+Hbf,Biberach%28Ri%C3%9F%29,7h 51min,04:49,12:40,1
"122,75",Flexpreis,Y,1,"So.,04.12.2022",Berlin+Hbf,Biberach%28Ri%C3%9F%29,7h 51min,04:49,12:40,1
"140,85",Flexpreis Plus,Y,1,"So.,04.12.2022",Berlin+Hbf,Biberach%28Ri%C3%9F%29,7h 51min,04:49,12:40,1
"41,15",Super Sparpreis Young,Y,1,"So.,04.12.2022",Berlin+Hbf,Biberach%28Ri%C3%9F%29,7h 21min,05:49,13:10,3
"47,15",Sparpreis Young,Y,1,"So.,04.12.2022",Berlin+Hbf,Biberach%28Ri%C3%9F%29,7h 21min,05:49,13:10,3
"121,05",Flexpreis,Y,1,"So.,04.12.2022",Berlin+Hbf,Biberach%28Ri%C3%9F%29,7h 21min,05:49,13:10,3
"138,95",Flexpreis Plus,Y,1,"So.,04.12.2022",Berlin+Hbf,Biberach%28Ri%C3%9F%29,7h 21min,05:49,13:10,3
"35,15",Super Sparpreis Young,Y,1,"So.,04.12.2022",Berlin+Hbf,Biberach%28Ri%C3%9F%29,8h 01min,06:30,14:31,1
"39,65",Sparpreis Young,Y,1,"So.,04.12.2022",Berlin+Hbf,Biberach%28Ri%C3%9F%29,8h 01min,06:30,14:31,1
"122,75",Flexpreis,Y,1,"So.,04.12.2022",Berlin+Hbf,Biberach%28Ri%C3%9F%29,8h 01min,06:30,14:31,1
"140,85",Flexpreis Plus,Y,1,"So.,04.12.2022",Berlin+Hbf,Biberach%28Ri%C3%9F%29,8h 01min,06:30,14:31,1
"41,15",Super Sparpreis Young,Y,1,"So.,04.12.2022",Berlin+Hbf,Biberach%28Ri%C3%9F%29,8h 01min,06:41,14:42,1
"47,15",Sparpreis Young,Y,1,"So.,04.12.2022",Berlin+Hbf,Biberach%28Ri%C3%9F%29,8h 01min,06:41,14:42,1
"122,75",Flexpreis,Y,1,"So.,04.12.2022",Berlin+Hbf,Biberach%28Ri%C3%9F%29,8h 01min,06:41,14:42,1
"140,85",Flexpreis Plus,Y,1,"So.,04.12.2022",Berlin+Hbf,Biberach%28Ri%C3%9F%29,8h 01min,06:41,14:42,1
"41,15",Super Sparpreis Young,Y,1,"So.,04.12.2022",Berlin+Hbf,Biberach%28Ri%C3%9F%29,6h 45min,06:55,13:40,2
"47,15",Sparpreis Young,Y,1,"So.,04.12.2022",Berlin+Hbf,Biberach%28Ri%C3%9F%29,6h 45min,06:55,13:40,2
"121,05",Flexpreis,Y,1,"So.,04.12.2022",Berlin+Hbf,Biberach%28Ri%C3%9F%29,6h 45min,06:55,13:40,2
"138,95",Flexpreis Plus,Y,1,"So.,04.12.2022",Berlin+Hbf,Biberach%28Ri%C3%9F%29,6h 45min,06:55,13:40,2
"39,65",Super Sparpreis Young,Y,1,"So.,04.12.2022",Berlin+Hbf,Biberach%28Ri%C3%9F%29,6h 16min,07:24,13:40,3
"45,65",Sparpreis Young,Y,1,"So.,04.12.2022",Berlin+Hbf,Biberach%28Ri%C3%9F%29,6h 16min,07:24,13:40,3
"93,95",Flexpreis,Y,1,"So.,04.12.2022",Berlin+Hbf,Biberach%28Ri%C3%9F%29,6h 16min,07:24,13:40,3
"108,60",Flexpreis Plus,Y,1,"So.,04.12.2022",Berlin+Hbf,Biberach%28Ri%C3%9F%29,6h 16min,07:24,13:40,3
"22,25",Normalpreis,Y,1,"So.,04.12.2022",Berlin+Hbf,Biberach%28Ri%C3%9F%29,8h 16min,07:24,15:40,1
"41,15",Super Sparpreis Young,Y,1,"So.,04.12.2022",Berlin+Hbf,Biberach%28Ri%C3%9F%29,7h 51min,04:49,12:40,1
"47,15",Sparpreis Young,Y,1,"So.,04.12.2022",Berlin+Hbf,Biberach%28Ri%C3%9F%29,7h 51min,04:49,12:40,1
"122,75",Flexpreis,Y,1,"So.,04.12.2022",Berlin+Hbf,Biberach%28Ri%C3%9F%29,7h 51min,04:49,12:40,1
"140,85",Flexpreis Plus,Y,1,"So.,04.12.2022",Berlin+Hbf,Biberach%28Ri%C3%9F%29,7h 51min,04:49,12:40,1
"41,15",Super Sparpreis Young,Y,1,"So.,04.12.2022",Berlin+Hbf,Biberach%28Ri%C3%9F%29,7h 21min,05:49,13:10,3
"47,15",Sparpreis Young,Y,1,"So.,04.12.2022",Berlin+Hbf,Biberach%28Ri%C3%9F%29,7h 21min,05:49,13:10,3
"121,05",Flexpreis,Y,1,"So.,04.12.2022",Berlin+Hbf,Biberach%28Ri%C3%9F%29,7h 21min,05:49,13:10,3
"138,95",Flexpreis Plus,Y,1,"So.,04.12.2022",Berlin+Hbf,Biberach%28Ri%C3%9F%29,7h 21min,05:49,13:10,3
"35,15",Super Sparpreis Young,Y,1,"So.,04.12.2022",Berlin+Hbf,Biberach%28Ri%C3%9F%29,8h 01min,06:30,14:31,1
"39,65",Sparpreis Young,Y,1,"So.,04.12.2022",Berlin+Hbf,Biberach%28Ri%C3%9F%29,8h 01min,06:30,14:31,1
"122,75",Flexpreis,Y,1,"So.,04.12.2022",Berlin+Hbf,Biberach%28Ri%C3%9F%29,8h 01min,06:30,14:31,1
"140,85",Flexpreis Plus,Y,1,"So.,04.12.2022",Berlin+Hbf,Biberach%28Ri%C3%9F%29,8h 01min,06:30,14:31,1
"41,15",Super Sparpreis Young,Y,1,"So.,04.12.2022",Berlin+Hbf,Biberach%28Ri%C3%9F%29,8h 01min,06:41,14:42,1
"47,15",Sparpreis Young,Y,1,"So.,04.12.2022",Berlin+Hbf,Biberach%28Ri%C3%9F%29,8h 01min,06:41,14:42,1
"122,75",Flexpreis,Y,1,"So.,04.12.2022",Berlin+Hbf,Biberach%28Ri%C3%9F%29,8h 01min,06:41,14:42,1
"140,85",Flexpreis Plus,Y,1,"So.,04.12.2022",Berlin+Hbf,Biberach%28Ri%C3%9F%29,8h 01min,06:41,14:42,1
"41,15",Super Sparpreis Young,Y,1,"So.,04.12.2022",Berlin+Hbf,Biberach%28Ri%C3%9F%29,6h 45min,06:55,13:40,2
"47,15",Sparpreis Young,Y,1,"So.,04.12.2022",Berlin+Hbf,Biberach%28Ri%C3%9F%29,6h 45min,06:55,13:40,2
"121,05",Flexpreis,Y,1,"So.,04.12.2022",Berlin+Hbf,Biberach%28Ri%C3%9F%29,6h 45min,06:55,13:40,2
"138,95",Flexpreis Plus,Y,1,"So.,04.12.2022",Berlin+Hbf,Biberach%28Ri%C3%9F%29,6h 45min,06:55,13:40,2
"39,65",Super Sparpreis Young,Y,1,"So.,04.12.2022",Berlin+Hbf,Biberach%28Ri%C3%9F%29,6h 16min,07:24,13:40,3
"45,65",Sparpreis Young,Y,1,"So.,04.12.2022",Berlin+Hbf,Biberach%28Ri%C3%9F%29,6h 16min,07:24,13:40,3
"93,95",Flexpreis,Y,1,"So.,04.12.2022",Berlin+Hbf,Biberach%28Ri%C3%9F%29,6h 16min,07:24,13:40,3
"108,60",Flexpreis Plus,Y,1,"So.,04.12.2022",Berlin+Hbf,Biberach%28Ri%C3%9F%29,6h 16min,07:24,13:40,3
"22,25",Normalpreis,Y,1,"So.,04.12.2022",Berlin+Hbf,Biberach%28Ri%C3%9F%29,8h 16min,07:24,15:40,1
"41,15",Super Sparpreis Young,Y,1,"So.,04.12.2022",Berlin+Hbf,Biberach%28Ri%C3%9F%29,7h 51min,04:49,12:40,1
"47,15",Sparpreis Young,Y,1,"So.,04.12.2022",Berlin+Hbf,Biberach%28Ri%C3%9F%29,7h 51min,04:49,12:40,1
"122,75",Flexpreis,Y,1,"So.,04.12.2022",Berlin+Hbf,Biberach%28Ri%C3%9F%29,7h 51min,04:49,12:40,1
"140,85",Flexpreis Plus,Y,1,"So.,04.12.2022",Berlin+Hbf,Biberach%28Ri%C3%9F%29,7h 51min,04:49,12:40,1
"41,15",Super Sparpreis Young,Y,1,"So.,04.12.2022",Berlin+Hbf,Biberach%28Ri%C3%9F%29,7h 21min,05:49,13:10,3
"47,15",Sparpreis Young,Y,1,"So.,04.12.2022",Berlin+Hbf,Biberach%28Ri%C3%9F%29,7h 21min,05:49,13:10,3
"121,05",Flexpreis,Y,1,"So.,04.12.2022",Berlin+Hbf,Biberach%28Ri%C3%9F%29,7h 21min,05:49,13:10,3
"138,95",Flexpreis Plus,Y,1,"So.,04.12.2022",Berlin+Hbf,Biberach%28Ri%C3%9F%29,7h 21min,05:49,13:10,3
"35,15",Super Sparpreis Young,Y,1,"So.,04.12.2022",Berlin+Hbf,Biberach%28Ri%C3%9F%29,8h 01min,06:30,14:31,1
"39,65",Sparpreis Young,Y,1,"So.,04.12.2022",Berlin+Hbf,Biberach%28Ri%C3%9F%29,8h 01min,06:30,14:31,1
"122,75",Flexpreis,Y,1,"So.,04.12.2022",Berlin+Hbf,Biberach%28Ri%C3%9F%29,8h 01min,06:30,14:31,1
"140,85",Flexpreis Plus,Y,1,"So.,04.12.2022",Berlin+Hbf,Biberach%28Ri%C3%9F%29,8h 01min,06:30,14:31,1
"41,15",Super Sparpreis Young,Y,1,"So.,04.12.2022",Berlin+Hbf,Biberach%28Ri%C3%9F%29,8h 01min,06:41,14:42,1
"47,15",Sparpreis Young,Y,1,"So.,04.12.2022",Berlin+Hbf,Biberach%28Ri%C3%9F%29,8h 01min,06:41,14:42,1
"122,75",Flexpreis,Y,1,"So.,04.12.2022",Berlin+Hbf,Biberach%28Ri%C3%9F%29,8h 01min,06:41,14:42,1
"140,85",Flexpreis Plus,Y,1,"So.,04.12.2022",Berlin+Hbf,Biberach%28Ri%C3%9F%29,8h 01min,06:41,14:42,1
"41,15",Super Sparpreis Young,Y,1,"So.,04.12.2022",Berlin+Hbf,Biberach%28Ri%C3%9F%29,6h 45min,06:55,13:40,2
"47,15",Sparpreis Young,Y,1,"So.,04.12.2022",Berlin+Hbf,Biberach%28Ri%C3%9F%29,6h 45min,06:55,13:40,2
"121,05",Flexpreis,Y,1,"So.,04.12.2022",Berlin+Hbf,Biberach%28Ri%C3%9F%29,6h 45min,06:55,13:40,2
"138,95",Flexpreis Plus,Y,1,"So.,04.12.2022",Berlin+Hbf,Biberach%28Ri%C3%9F%29,6h 45min,06:55,13:40,2
"39,65",Super Sparpreis Young,Y,1,"So.,04.12.2022",Berlin+Hbf,Biberach%28Ri%C3%9F%29,6h 16min,07:24,13:40,3
"45,65",Sparpreis Young,Y,1,"So.,04.12.2022",Berlin+Hbf,Biberach%28Ri%C3%9F%29,6h 16min,07:24,13:40,3
"93,95",Flexpreis,Y,1,"So.,04.12.2022",Berlin+Hbf,Biberach%28Ri%C3%9F%29,6h 16min,07:24,13:40,3
"108,60",Flexpreis Plus,Y,1,"So.,04.12.2022",Berlin+Hbf,Biberach%28Ri%C3%9F%29,6h 16min,07:24,13:40,3
"22,25",Normalpreis,Y,1,"So.,04.12.2022",Berlin+Hbf,Biberach%28Ri%C3%9F%29,8h 16min,07:24,15:40,1
"41,15",Super Sparpreis Young,Y,1,"So.,04.12.2022",Berlin+Hbf,Biberach%28Ri%C3%9F%29,7h 51min,04:49,12:40,1
"47,15",Sparpreis Young,Y,1,"So.,04.12.2022",Berlin+Hbf,Biberach%28Ri%C3%9F%29,7h 51min,04:49,12:40,1
"122,75",Flexpreis,Y,1,"So.,04.12.2022",Berlin+Hbf,Biberach%28Ri%C3%9F%29,7h 51min,04:49,12:40,1
"140,85",Flexpreis Plus,Y,1,"So.,04.12.2022",Berlin+Hbf,Biberach%28Ri%C3%9F%29,7h 51min,04:49,12:40,1
"41,15",Super Sparpreis Young,Y,1,"So.,04.12.2022",Berlin+Hbf,Biberach%28Ri%C3%9F%29,7h 21min,05:49,13:10,3
"47,15",Sparpreis Young,Y,1,"So.,04.12.2022",Berlin+Hbf,Biberach%28Ri%C3%9F%29,7h 21min,05:49,13:10,3
"121,05",Flexpreis,Y,1,"So.,04.12.2022",Berlin+Hbf,Biberach%28Ri%C3%9F%29,7h 21min,05:49,13:10,3
"138,95",Flexpreis Plus,Y,1,"So.,04.12.2022",Berlin+Hbf,Biberach%28Ri%C3%9F%29,7h 21min,05:49,13:10,3
"35,15",Super Sparpreis Young,Y,1,"So.,04.12.2022",Berlin+Hbf,Biberach%28Ri%C3%9F%29,8h 01min,06:30,14:31,1
"39,65",Sparpreis Young,Y,1,"So.,04.12.2022",Berlin+Hbf,Biberach%28Ri%C3%9F%29,8h 01min,06:30,14:31,1
"122,75",Flexpreis,Y,1,"So.,04.12.2022",Berlin+Hbf,Biberach%28Ri%C3%9F%29,8h 01min,06:30,14:31,1
"140,85",Flexpreis Plus,Y,1,"So.,04.12.2022",Berlin+Hbf,Biberach%28Ri%C3%9F%29,8h 01min,06:30,14:31,1
"41,15",Super Sparpreis Young,Y,1,"So.,04.12.2022",Berlin+Hbf,Biberach%28Ri%C3%9F%29,8h 01min,06:41,14:42,1
"47,15",Sparpreis Young,Y,1,"So.,04.12.2022",Berlin+Hbf,Biberach%28Ri%C3%9F%29,8h 01min,06:41,14:42,1
"122,75",Flexpreis,Y,1,"So.,04.12.2022",Berlin+Hbf,Biberach%28Ri%C3%9F%29,8h 01min,06:41,14:42,1
"140,85",Flexpreis Plus,Y,1,"So.,04.12.2022",Berlin+Hbf,Biberach%28Ri%C3%9F%29,8h 01min,06:41,14:42,1
"41,15",Super Sparpreis Young,Y,1,"So.,04.12.2022",Berlin+Hbf,Biberach%28Ri%C3%9F%29,6h 45min,06:55,13:40,2
"47,15",Sparpreis Young,Y,1,"So.,04.12.2022",Berlin+Hbf,Biberach%28Ri%C3%9F%29,6h 45min,06:55,13:40,2
"121,05",Flexpreis,Y,1,"So.,04.12.2022",Berlin+Hbf,Biberach%28Ri%C3%9F%29,6h 45min,06:55,13:40,2
"138,95",Flexpreis Plus,Y,1,"So.,04.12.2022",Berlin+Hbf,Biberach%28Ri%C3%9F%29,6h 45min,06:55,13:40,2
"39,65",Super Sparpreis Young,Y,1,"So.,04.12.2022",Berlin+Hbf,Biberach%28Ri%C3%9F%29,6h 16min,07:24,13:40,3
"45,65",Sparpreis Young,Y,1,"So.,04.12.2022",Berlin+Hbf,Biberach%28Ri%C3%9F%29,6h 16min,07:24,13:40,3
"93,95",Flexpreis,Y,1,"So.,04.12.2022",Berlin+Hbf,Biberach%28Ri%C3%9F%29,6h 16min,07:24,13:40,3
"108,60",Flexpreis Plus,Y,1,"So.,04.12.2022",Berlin+Hbf,Biberach%28Ri%C3%9F%29,6h 16min,07:24,13:40,3
"22,25",Normalpreis,Y,1,"So.,04.12.2022",Berlin+Hbf,Biberach%28Ri%C3%9F%29,8h 16min,07:24,15:40,1
"41,15",Super Sparpreis Young,Y,1,"So.,04.12.2022",Berlin+Hbf,Biberach%28Ri%C3%9F%29,7h 51min,04:49,12:40,1
"47,15",Sparpreis Young,Y,1,"So.,04.12.2022",Berlin+Hbf,Biberach%28Ri%C3%9F%29,7h 51min,04:49,12:40,1
"122,75",Flexpreis,Y,1,"So.,04.12.2022",Berlin+Hbf,Biberach%28Ri%C3%9F%29,7h 51min,04:49,12:40,1
"140,85",Flexpreis Plus,Y,1,"So.,04.12.2022",Berlin+Hbf,Biberach%28Ri%C3%9F%29,7h 51min,04:49,12:40,1
"41,15",Super Sparpreis Young,Y,1,"So.,04.12.2022",Berlin+Hbf,Biberach%28Ri%C3%9F%29,7h 21min,05:49,13:10,3
"47,15",Sparpreis Young,Y,1,"So.,04.12.2022",Berlin+Hbf,Biberach%28Ri%C3%9F%29,7h 21min,05:49,13:10,3
"121,05",Flexpreis,Y,1,"So.,04.12.2022",Berlin+Hbf,Biberach%28Ri%C3%9F%29,7h 21min,05:49,13:10,3
"138,95",Flexpreis Plus,Y,1,"So.,04.12.2022",Berlin+Hbf,Biberach%28Ri%C3%9F%29,7h 21min,05:49,13:10,3
"35,15",Super Sparpreis Young,Y,1,"So.,04.12.2022",Berlin+Hbf,Biberach%28Ri%C3%9F%29,8h 01min,06:30,14:31,1
"39,65",Sparpreis Young,Y,1,"So.,04.12.2022",Berlin+Hbf,Biberach%28Ri%C3%9F%29,8h 01min,06:30,14:31,1
"122,75",Flexpreis,Y,1,"So.,04.12.2022",Berlin+Hbf,Biberach%28Ri%C3%9F%29,8h 01min,06:30,14:31,1
"140,85",Flexpreis Plus,Y,1,"So.,04.12.2022",Berlin+Hbf,Biberach%28Ri%C3%9F%29,8h 01min,06:30,14:31,1
"41,15",Super Sparpreis Young,Y,1,"So.,04.12.2022",Berlin+Hbf,Biberach%28Ri%C3%9F%29,8h 01min,06:41,14:42,1
"47,15",Sparpreis Young,Y,1,"So.,04.12.2022",Berlin+Hbf,Biberach%28Ri%C3%9F%29,8h 01min,06:41,14:42,1
"122,75",Flexpreis,Y,1,"So.,04.12.2022",Berlin+Hbf,Biberach%28Ri%C3%9F%29,8h 01min,06:41,14:42,1
"140,85",Flexpreis Plus,Y,1,"So.,04.12.2022",Berlin+Hbf,Biberach%28Ri%C3%9F%29,8h 01min,06:41,14:42,1
"41,15",Super Sparpreis Young,Y,1,"So.,04.12.2022",Berlin+Hbf,Biberach%28Ri%C3%9F%29,6h 45min,06:55,13:40,2
"47,15",Sparpreis Young,Y,1,"So.,04.12.2022",Berlin+Hbf,Biberach%28Ri%C3%9F%29,6h 45min,06:55,13:40,2
"121,05",Flexpreis,Y,1,"So.,04.12.2022",Berlin+Hbf,Biberach%28Ri%C3%9F%29,6h 45min,06:55,13:40,2
"138,95",Flexpreis Plus,Y,1,"So.,04.12.2022",Berlin+Hbf,Biberach%28Ri%C3%9F%29,6h 45min,06:55,13:40,2
"39,65",Super Sparpreis Young,Y,1,"So.,04.12.2022",Berlin+Hbf,Biberach%28Ri%C3%9F%29,6h 16min,07:24,13:40,3
"45,65",Sparpreis Young,Y,1,"So.,04.12.2022",Berlin+Hbf,Biberach%28Ri%C3%9F%29,6h 16min,07:24,13:40,3
"93,95",Flexpreis,Y,1,"So.,04.12.2022",Berlin+Hbf,Biberach%28Ri%C3%9F%29,6h 16min,07:24,13:40,3
"108,60",Flexpreis Plus,Y,1,"So.,04.12.2022",Berlin+Hbf,Biberach%28Ri%C3%9F%29,6h 16min,07:24,13:40,3
"22,25",Normalpreis,Y,1,"So.,04.12.2022",Berlin+Hbf,Biberach%28Ri%C3%9F%29,8h 16min,07:24,15:40,1
"41,15",Super Sparpreis Young,Y,1,"So.,04.12.2022",Berlin+Hbf,Biberach%28Ri%C3%9F%29,7h 51min,04:49,12:40,1
"47,15",Sparpreis Young,Y,1,"So.,04.12.2022",Berlin+Hbf,Biberach%28Ri%C3%9F%29,7h 51min,04:49,12:40,1
"122,75",Flexpreis,Y,1,"So.,04.12.2022",Berlin+Hbf,Biberach%28Ri%C3%9F%29,7h 51min,04:49,12:40,1
"140,85",Flexpreis Plus,Y,1,"So.,04.12.2022",Berlin+Hbf,Biberach%28Ri%C3%9F%29,7h 51min,04:49,12:40,1
"41,15",Super Sparpreis Young,Y,1,"So.,04.12.2022",Berlin+Hbf,Biberach%28Ri%C3%9F%29,7h 21min,05:49,13:10,3
"47,15",Sparpreis Young,Y,1,"So.,04.12.2022",Berlin+Hbf,Biberach%28Ri%C3%9F%29,7h 21min,05:49,13:10,3
"121,05",Flexpreis,Y,1,"So.,04.12.2022",Berlin+Hbf,Biberach%28Ri%C3%9F%29,7h 21min,05:49,13:10,3
"138,95",Flexpreis Plus,Y,1,"So.,04.12.2022",Berlin+Hbf,Biberach%28Ri%C3%9F%29,7h 21min,05:49,13:10,3
"35,15",Super Sparpreis Young,Y,1,"So.,04.12.2022",Berlin+Hbf,Biberach%28Ri%C3%9F%29,8h 01min,06:30,14:31,1
"39,65",Sparpreis Young,Y,1,"So.,04.12.2022",Berlin+Hbf,Biberach%28Ri%C3%9F%29,8h 01min,06:30,14:31,1
"122,75",Flexpreis,Y,1,"So.,04.12.2022",Berlin+Hbf,Biberach%28Ri%C3%9F%29,8h 01min,06:30,14:31,1
"140,85",Flexpreis Plus,Y,1,"So.,04.12.2022",Berlin+Hbf,Biberach%28Ri%C3%9F%29,8h 01min,06:30,14:31,1
"41,15",Super Sparpreis Young,Y,1,"So.,04.12.2022",Berlin+Hbf,Biberach%28Ri%C3%9F%29,8h 01min,06:41,14:42,1
"47,15",Sparpreis Young,Y,1,"So.,04.12.2022",Berlin+Hbf,Biberach%28Ri%C3%9F%29,8h 01min,06:41,14:42,1
"122,75",Flexpreis,Y,1,"So.,04.12.2022",Berlin+Hbf,Biberach%28Ri%C3%9F%29,8h 01min,06:41,14:42,1
"140,85",Flexpreis Plus,Y,1,"So.,04.12.2022",Berlin+Hbf,Biberach%28Ri%C3%9F%29,8h 01min,06:41,14:42,1
"41,15",Super Sparpreis Young,Y,1,"So.,04.12.2022",Berlin+Hbf,Biberach%28Ri%C3%9F%29,6h 45min,06:55,13:40,2
"47,15",Sparpreis Young,Y,1,"So.,04.12.2022",Berlin+Hbf,Biberach%28Ri%C3%9F%29,6h 45min,06:55,13:40,2
"121,05",Flexpreis,Y,1,"So.,04.12.2022",Berlin+Hbf,Biberach%28Ri%C3%9F%29,6h 45min,06:55,13:40,2
"138,95",Flexpreis Plus,Y,1,"So.,04.12.2022",Berlin+Hbf,Biberach%28Ri%C3%9F%29,6h 45min,06:55,13:40,2
"39,65",Super Sparpreis Young,Y,1,"So.,04.12.2022",Berlin+Hbf,Biberach%28Ri%C3%9F%29,6h 16min,07:24,13:40,3
"45,65",Sparpreis Young,Y,1,"So.,04.12.2022",Berlin+Hbf,Biberach%28Ri%C3%9F%29,6h 16min,07:24,13:40,3
"93,95",Flexpreis,Y,1,"So.,04.12.2022",Berlin+Hbf,Biberach%28Ri%C3%9F%29,6h 16min,07:24,13:40,3
"108,60",Flexpreis Plus,Y,1,"So.,04.12.2022",Berlin+Hbf,Biberach%28Ri%C3%9F%29,6h 16min,07:24,13:40,3
"22,25",Normalpreis,Y,1,"So.,04.12.2022",Berlin+Hbf,Biberach%28Ri%C3%9F%29,8h 16min,07:24,15:40,1
"41,15",Super Sparpreis Young,Y,1,"So.,04.12.2022",Berlin+Hbf,Biberach%28Ri%C3%9F%29,7h 51min,04:49,12:40,1
"47,15",Sparpreis Young,Y,1,"So.,04.12.2022",Berlin+Hbf,Biberach%28Ri%C3%9F%29,7h 51min,04:49,12:40,1
"122,75",Flexpreis,Y,1,"So.,04.12.2022",Berlin+Hbf,Biberach%28Ri%C3%9F%29,7h 51min,04:49,12:40,1
"140,85",Flexpreis Plus,Y,1,"So.,04.12.2022",Berlin+Hbf,Biberach%28Ri%C3%9F%29,7h 51min,04:49,12:40,1
"41,15",Super Sparpreis Young,Y,1,"So.,04.12.2022",Berlin+Hbf,Biberach%28Ri%C3%9F%29,7h 21min,05:49,13:10,3
"47,15",Sparpreis Young,Y,1,"So.,04.12.2022",Berlin+Hbf,Biberach%28Ri%C3%9F%29,7h 21min,05:49,13:10,3
"121,05",Flexpreis,Y,1,"So.,04.12.2022",Berlin+Hbf,Biberach%28Ri%C3%9F%29,7h 21min,05:49,13:10,3
"138,95",Flexpreis Plus,Y,1,"So.,04.12.2022",Berlin+Hbf,Biberach%28Ri%C3%9F%29,7h 21min,05:49,13:10,3
"35,15",Super Sparpreis Young,Y,1,"So.,04.12.2022",Berlin+Hbf,Biberach%28Ri%C3%9F%29,8h 01min,06:30,14:31,1
"39,65",Sparpreis Young,Y,1,"So.,04.12.2022",Berlin+Hbf,Biberach%28Ri%C3%9F%29,8h 01min,06:30,14:31,1
"122,75",Flexpreis,Y,1,"So.,04.12.2022",Berlin+Hbf,Biberach%28Ri%C3%9F%29,8h 01min,06:30,14:31,1
"140,85",Flexpreis Plus,Y,1,"So.,04.12.2022",Berlin+Hbf,Biberach%28Ri%C3%9F%29,8h 01min,06:30,14:31,1
"41,15",Super Sparpreis Young,Y,1,"So.,04.12.2022",Berlin+Hbf,Biberach%28Ri%C3%9F%29,8h 01min,06:41,14:42,1
"47,15",Sparpreis Young,Y,1,"So.,04.12.2022",Berlin+Hbf,Biberach%28Ri%C3%9F%29,8h 01min,06:41,14:42,1
"122,75",Flexpreis,Y,1,"So.,04.12.2022",Berlin+Hbf,Biberach%28Ri%C3%9F%29,8h 01min,06:41,14:42,1
"140,85",Flexpreis Plus,Y,1,"So.,04.12.2022",Berlin+Hbf,Biberach%28Ri%C3%9F%29,8h 01min,06:41,14:42,1
"41,15",Super Sparpreis Young,Y,1,"So.,04.12.2022",Berlin+Hbf,Biberach%28Ri%C3%9F%29,6h 45min,06:55,13:40,2
"47,15",Sparpreis Young,Y,1,"So.,04.12.2022",Berlin+Hbf,Biberach%28Ri%C3%9F%29,6h 45min,06:55,13:40,2
"121,05",Flexpreis,Y,1,"So.,04.12.2022",Berlin+Hbf,Biberach%28Ri%C3%9F%29,6h 45min,06:55,13:40,2
"138,95",Flexpreis Plus,Y,1,"So.,04.12.2022",Berlin+Hbf,Biberach%28Ri%C3%9F%29,6h 45min,06:55,13:40,2
"39,65",Super Sparpreis Young,Y,1,"So.,04.12.2022",Berlin+Hbf,Biberach%28Ri%C3%9F%29,6h 16min,07:24,13:40,3
"45,65",Sparpreis Young,Y,1,"So.,04.12.2022",Berlin+Hbf,Biberach%28Ri%C3%9F%29,6h 16min,07:24,13:40,3
"93,95",Flexpreis,Y,1,"So.,04.12.2022",Berlin+Hbf,Biberach%28Ri%C3%9F%29,6h 16min,07:24,13:40,3
"108,60",Flexpreis Plus,Y,1,"So.,04.12.2022",Berlin+Hbf,Biberach%28Ri%C3%9F%29,6h 16min,07:24,13:40,3
"22,25",Normalpreis,Y,1,"So.,04.12.2022",Berlin+Hbf,Biberach%28Ri%C3%9F%29,8h 16min,07:24,15:40,1
"41,15",Super Sparpreis Young,Y,1,"So.,04.12.2022",Berlin+Hbf,Biberach%28Ri%C3%9F%29,7h 51min,04:49,12:40,1
"47,15",Sparpreis Young,Y,1,"So.,04.12.2022",Berlin+Hbf,Biberach%28Ri%C3%9F%29,7h 51min,04:49,12:40,1
"122,75",Flexpreis,Y,1,"So.,04.12.2022",Berlin+Hbf,Biberach%28Ri%C3%9F%29,7h 51min,04:49,12:40,1
"140,85",Flexpreis Plus,Y,1,"So.,04.12.2022",Berlin+Hbf,Biberach%28Ri%C3%9F%29,7h 51min,04:49,12:40,1
"41,15",Super Sparpreis Young,Y,1,"So.,04.12.2022",Berlin+Hbf,Biberach%28Ri%C3%9F%29,7h 21min,05:49,13:10,3
"47,15",Sparpreis Young,Y,1,"So.,04.12.2022",Berlin+Hbf,Biberach%28Ri%C3%9F%29,7h 21min,05:49,13:10,3
"121,05",Flexpreis,Y,1,"So.,04.12.2022",Berlin+Hbf,Biberach%28Ri%C3%9F%29,7h 21min,05:49,13:10,3
"138,95",Flexpreis Plus,Y,1,"So.,04.12.2022",Berlin+Hbf,Biberach%28Ri%C3%9F%29,7h 21min,05:49,13:10,3
"35,15",Super Sparpreis Young,Y,1,"So.,04.12.2022",Berlin+Hbf,Biberach%28Ri%C3%9F%29,8h 01min,06:30,14:31,1
"39,65",Sparpreis Young,Y,1,"So.,04.12.2022",Berlin+Hbf,Biberach%28Ri%C3%9F%29,8h 01min,06:30,14:31,1
"122,75",Flexpreis,Y,1,"So.,04.12.2022",Berlin+Hbf,Biberach%28Ri%C3%9F%29,8h 01min,06:30,14:31,1
"140,85",Flexpreis Plus,Y,1,"So.,04.12.2022",Berlin+Hbf,Biberach%28Ri%C3%9F%29,8h 01min,06:30,14:31,1
"41,15",Super Sparpreis Young,Y,1,"So.,04.12.2022",Berlin+Hbf,Biberach%28Ri%C3%9F%29,8h 01min,06:41,14:42,1
"47,15",Sparpreis Young,Y,1,"So.,04.12.2022",Berlin+Hbf,Biberach%28Ri%C3%9F%29,8h 01min,06:41,14:42,1
"122,75",Flexpreis,Y,1,"So.,04.12.2022",Berlin+Hbf,Biberach%28Ri%C3%9F%29,8h 01min,06:41,14:42,1
"140,85",Flexpreis Plus,Y,1,"So.,04.12.2022",Berlin+Hbf,Biberach%28Ri%C3%9F%29,8h 01min,06:41,14:42,1
"41,15",Super Sparpreis Young,Y,1,"So.,04.12.2022",Berlin+Hbf,Biberach%28Ri%C3%9F%29,6h 45min,06:55,13:40,2
"47,15",Sparpreis Young,Y,1,"So.,04.12.2022",Berlin+Hbf,Biberach%28Ri%C3%9F%29,6h 45min,06:55,13:40,2
"121,05",Flexpreis,Y,1,"So.,04.12.2022",Berlin+Hbf,Biberach%28Ri%C3%9F%29,6h 45min,06:55,13:40,2
"138,95",Flexpreis Plus,Y,1,"So.,04.12.2022",Berlin+Hbf,Biberach%28Ri%C3%9F%29,6h 45min,06:55,13:40,2
"39,65",Super Sparpreis Young,Y,1,"So.,04.12.2022",Berlin+Hbf,Biberach%28Ri%C3%9F%29,6h 16min,07:24,13:40,3
"45,65",Sparpreis Young,Y,1,"So.,04.12.2022",Berlin+Hbf,Biberach%28Ri%C3%9F%29,6h 16min,07:24,13:40,3
"93,95",Flexpreis,Y,1,"So.,04.12.2022",Berlin+Hbf,Biberach%28Ri%C3%9F%29,6h 16min,07:24,13:40,3
"108,60",Flexpreis Plus,Y,1,"So.,04.12.2022",Berlin+Hbf,Biberach%28Ri%C3%9F%29,6h 16min,07:24,13:40,3
"22,25",Normalpreis,Y,1,"So.,04.12.2022",Berlin+Hbf,Biberach%28Ri%C3%9F%29,8h 16min,07:24,15:40,1
"41,15",Super Sparpreis Young,Y,1,"So.,04.12.2022",Berlin+Hbf,Biberach%28Ri%C3%9F%29,7h 21min,05:49,13:10,3
"47,15",Sparpreis Young,Y,1,"So.,04.12.2022",Berlin+Hbf,Biberach%28Ri%C3%9F%29,7h 21min,05:49,13:10,3
"121,05",Flexpreis,Y,1,"So.,04.12.2022",Berlin+Hbf,Biberach%28Ri%C3%9F%29,7h 21min,05:49,13:10,3
"138,95",Flexpreis Plus,Y,1,"So.,04.12.2022",Berlin+Hbf,Biberach%28Ri%C3%9F%29,7h 21min,05:49,13:10,3
"35,15",Super Sparpreis Young,Y,1,"So.,04.12.2022",Berlin+Hbf,Biberach%28Ri%C3%9F%29,8h 01min,06:30,14:31,1
"39,65",Sparpreis Young,Y,1,"So.,04.12.2022",Berlin+Hbf,Biberach%28Ri%C3%9F%29,8h 01min,06:30,14:31,1
"122,75",Flexpreis,Y,1,"So.,04.12.2022",Berlin+Hbf,Biberach%28Ri%C3%9F%29,8h 01min,06:30,14:31,1
"140,85",Flexpreis Plus,Y,1,"So.,04.12.2022",Berlin+Hbf,Biberach%28Ri%C3%9F%29,8h 01min,06:30,14:31,1
"41,15",Super Sparpreis Young,Y,1,"So.,04.12.2022",Berlin+Hbf,Biberach%28Ri%C3%9F%29,8h 01min,06:41,14:42,1
"47,15",Sparpreis Young,Y,1,"So.,04.12.2022",Berlin+Hbf,Biberach%28Ri%C3%9F%29,8h 01min,06:41,14:42,1
"122,75",Flexpreis,Y,1,"So.,04.12.2022",Berlin+Hbf,Biberach%28Ri%C3%9F%29,8h 01min,06:41,14:42,1
"140,85",Flexpreis Plus,Y,1,"So.,04.12.2022",Berlin+Hbf,Biberach%28Ri%C3%9F%29,8h 01min,06:41,14:42,1
"41,15",Super Sparpreis Young,Y,1,"So.,04.12.2022",Berlin+Hbf,Biberach%28Ri%C3%9F%29,6h 45min,06:55,13:40,2
"47,15",Sparpreis Young,Y,1,"So.,04.12.2022",Berlin+Hbf,Biberach%28Ri%C3%9F%29,6h 45min,06:55,13:40,2
"121,05",Flexpreis,Y,1,"So.,04.12.2022",Berlin+Hbf,Biberach%28Ri%C3%9F%29,6h 45min,06:55,13:40,2
"138,95",Flexpreis Plus,Y,1,"So.,04.12.2022",Berlin+Hbf,Biberach%28Ri%C3%9F%29,6h 45min,06:55,13:40,2
"39,65",Super Sparpreis Young,Y,1,"So.,04.12.2022",Berlin+Hbf,Biberach%28Ri%C3%9F%29,6h 16min,07:24,13:40,3
"45,65",Sparpreis Young,Y,1,"So.,04.12.2022",Berlin+Hbf,Biberach%28Ri%C3%9F%29,6h 16min,07:24,13:40,3
"93,95",Flexpreis,Y,1,"So.,04.12.2022",Berlin+Hbf,Biberach%28Ri%C3%9F%29,6h 16min,07:24,13:40,3
"108,60",Flexpreis Plus,Y,1,"So.,04.12.2022",Berlin+Hbf,Biberach%28Ri%C3%9F%29,6h 16min,07:24,13:40,3
"22,25",Normalpreis,Y,1,"So.,04.12.2022",Berlin+Hbf,Biberach%28Ri%C3%9F%29,8h 16min,07:24,15:40,1
"41,15",Super Sparpreis Young,Y,1,"So.,04.12.2022",Berlin+Hbf,Biberach%28Ri%C3%9F%29,7h 21min,05:49,13:10,3
"47,15",Sparpreis Young,Y,1,"So.,04.12.2022",Berlin+Hbf,Biberach%28Ri%C3%9F%29,7h 21min,05:49,13:10,3
"121,05",Flexpreis,Y,1,"So.,04.12.2022",Berlin+Hbf,Biberach%28Ri%C3%9F%29,7h 21min,05:49,13:10,3
"138,95",Flexpreis Plus,Y,1,"So.,04.12.2022",Berlin+Hbf,Biberach%28Ri%C3%9F%29,7h 21min,05:49,13:10,3
"35,15",Super Sparpreis Young,Y,1,"So.,04.12.2022",Berlin+Hbf,Biberach%28Ri%C3%9F%29,8h 01min,06:30,14:31,1
"39,65",Sparpreis Young,Y,1,"So.,04.12.2022",Berlin+Hbf,Biberach%28Ri%C3%9F%29,8h 01min,06:30,14:31,1
"122,75",Flexpreis,Y,1,"So.,04.12.2022",Berlin+Hbf,Biberach%28Ri%C3%9F%29,8h 01min,06:30,14:31,1
"140,85",Flexpreis Plus,Y,1,"So.,04.12.2022",Berlin+Hbf,Biberach%28Ri%C3%9F%29,8h 01min,06:30,14:31,1
"41,15",Super Sparpreis Young,Y,1,"So.,04.12.2022",Berlin+Hbf,Biberach%28Ri%C3%9F%29,8h 01min,06:41,14:42,1
"47,15",Sparpreis Young,Y,1,"So.,04.12.2022",Berlin+Hbf,Biberach%28Ri%C3%9F%29,8h 01min,06:41,14:42,1
"122,75",Flexpreis,Y,1,"So.,04.12.2022",Berlin+Hbf,Biberach%28Ri%C3%9F%29,8h 01min,06:41,14:42,1
"140,85",Flexpreis Plus,Y,1,"So.,04.12.2022",Berlin+Hbf,Biberach%28Ri%C3%9F%29,8h 01min,06:41,14:42,1
"41,15",Super Sparpreis Young,Y,1,"So.,04.12.2022",Berlin+Hbf,Biberach%28Ri%C3%9F%29,6h 45min,06:55,13:40,2
"47,15",Sparpreis Young,Y,1,"So.,04.12.2022",Berlin+Hbf,Biberach%28Ri%C3%9F%29,6h 45min,06:55,13:40,2
"121,05",Flexpreis,Y,1,"So.,04.12.2022",Berlin+Hbf,Biberach%28Ri%C3%9F%29,6h 45min,06:55,13:40,2
"138,95",Flexpreis Plus,Y,1,"So.,04.12.2022",Berlin+Hbf,Biberach%28Ri%C3%9F%29,6h 45min,06:55,13:40,2
"39,65",Super Sparpreis Young,Y,1,"So.,04.12.2022",Berlin+Hbf,Biberach%28Ri%C3%9F%29,6h 16min,07:24,13:40,3
"45,65",Sparpreis Young,Y,1,"So.,04.12.2022",Berlin+Hbf,Biberach%28Ri%C3%9F%29,6h 16min,07:24,13:40,3
"93,95",Flexpreis,Y,1,"So.,04.12.2022",Berlin+Hbf,Biberach%28Ri%C3%9F%29,6h 16min,07:24,13:40,3
"108,60",Flexpreis Plus,Y,1,"So.,04.12.2022",Berlin+Hbf,Biberach%28Ri%C3%9F%29,6h 16min,07:24,13:40,3
"22,25",Normalpreis,Y,1,"So.,04.12.2022",Berlin+Hbf,Biberach%28Ri%C3%9F%29,8h 16min,07:24,15:40,1
"35,15",Super Sparpreis Young,Y,1,"So.,04.12.2022",Berlin+Hbf,Biberach%28Ri%C3%9F%29,8h 01min,06:30,14:31,1
"39,65",Sparpreis Young,Y,1,"So.,04.12.2022",Berlin+Hbf,Biberach%28Ri%C3%9F%29,8h 01min,06:30,14:31,1
"122,75",Flexpreis,Y,1,"So.,04.12.2022",Berlin+Hbf,Biberach%28Ri%C3%9F%29,8h 01min,06:30,14:31,1
"140,85",Flexpreis Plus,Y,1,"So.,04.12.2022",Berlin+Hbf,Biberach%28Ri%C3%9F%29,8h 01min,06:30,14:31,1
"41,15",Super Sparpreis Young,Y,1,"So.,04.12.2022",Berlin+Hbf,Biberach%28Ri%C3%9F%29,8h 01min,06:41,14:42,1
"47,15",Sparpreis Young,Y,1,"So.,04.12.2022",Berlin+Hbf,Biberach%28Ri%C3%9F%29,8h 01min,06:41,14:42,1
"122,75",Flexpreis,Y,1,"So.,04.12.2022",Berlin+Hbf,Biberach%28Ri%C3%9F%29,8h 01min,06:41,14:42,1
"140,85",Flexpreis Plus,Y,1,"So.,04.12.2022",Berlin+Hbf,Biberach%28Ri%C3%9F%29,8h 01min,06:41,14:42,1
"41,15",Super Sparpreis Young,Y,1,"So.,04.12.2022",Berlin+Hbf,Biberach%28Ri%C3%9F%29,6h 45min,06:55,13:40,2
"47,15",Sparpreis Young,Y,1,"So.,04.12.2022",Berlin+Hbf,Biberach%28Ri%C3%9F%29,6h 45min,06:55,13:40,2
"121,05",Flexpreis,Y,1,"So.,04.12.2022",Berlin+Hbf,Biberach%28Ri%C3%9F%29,6h 45min,06:55,13:40,2
"138,95",Flexpreis Plus,Y,1,"So.,04.12.2022",Berlin+Hbf,Biberach%28Ri%C3%9F%29,6h 45min,06:55,13:40,2
"39,65",Super Sparpreis Young,Y,1,"So.,04.12.2022",Berlin+Hbf,Biberach%28Ri%C3%9F%29,6h 16min,07:24,13:40,3
"45,65",Sparpreis Young,Y,1,"So.,04.12.2022",Berlin+Hbf,Biberach%28Ri%C3%9F%29,6h 16min,07:24,13:40,3
"93,95",Flexpreis,Y,1,"So.,04.12.2022",Berlin+Hbf,Biberach%28Ri%C3%9F%29,6h 16min,07:24,13:40,3
"108,60",Flexpreis Plus,Y,1,"So.,04.12.2022",Berlin+Hbf,Biberach%28Ri%C3%9F%29,6h 16min,07:24,13:40,3
"22,25",Normalpreis,Y,1,"So.,04.12.2022",Berlin+Hbf,Biberach%28Ri%C3%9F%29,8h 16min,07:24,15:40,1
"41,15",Super Sparpreis Young,Y,1,"So.,04.12.2022",Berlin+Hbf,Biberach%28Ri%C3%9F%29,8h 01min,06:41,14:42,1
"47,15",Sparpreis Young,Y,1,"So.,04.12.2022",Berlin+Hbf,Biberach%28Ri%C3%9F%29,8h 01min,06:41,14:42,1
"122,75",Flexpreis,Y,1,"So.,04.12.2022",Berlin+Hbf,Biberach%28Ri%C3%9F%29,8h 01min,06:41,14:42,1
"140,85",Flexpreis Plus,Y,1,"So.,04.12.2022",Berlin+Hbf,Biberach%28Ri%C3%9F%29,8h 01min,06:41,14:42,1
"41,15",Super Sparpreis Young,Y,1,"So.,04.12.2022",Berlin+Hbf,Biberach%28Ri%C3%9F%29,6h 45min,06:55,13:40,2
"47,15",Sparpreis Young,Y,1,"So.,04.12.2022",Berlin+Hbf,Biberach%28Ri%C3%9F%29,6h 45min,06:55,13:40,2
"121,05",Flexpreis,Y,1,"So.,04.12.2022",Berlin+Hbf,Biberach%28Ri%C3%9F%29,6h 45min,06:55,13:40,2
"138,95",Flexpreis Plus,Y,1,"So.,04.12.2022",Berlin+Hbf,Biberach%28Ri%C3%9F%29,6h 45min,06:55,13:40,2
"39,65",Super Sparpreis Young,Y,1,"So.,04.12.2022",Berlin+Hbf,Biberach%28Ri%C3%9F%29,6h 16min,07:24,13:40,3
"45,65",Sparpreis Young,Y,1,"So.,04.12.2022",Berlin+Hbf,Biberach%28Ri%C3%9F%29,6h 16min,07:24,13:40,3
"93,95",Flexpreis,Y,1,"So.,04.12.2022",Berlin+Hbf,Biberach%28Ri%C3%9F%29,6h 16min,07:24,13:40,3
"108,60",Flexpreis Plus,Y,1,"So.,04.12.2022",Berlin+Hbf,Biberach%28Ri%C3%9F%29,6h 16min,07:24,13:40,3
"22,25",Normalpreis,Y,1,"So.,04.12.2022",Berlin+Hbf,Biberach%28Ri%C3%9F%29,8h 16min,07:24,15:40,1
"39,65",Super Sparpreis Young,Y,1,"So.,04.12.2022",Berlin+Hbf,Biberach%28Ri%C3%9F%29,6h 16min,07:24,13:40,3
"45,65",Sparpreis Young,Y,1,"So.,04.12.2022",Berlin+Hbf,Biberach%28Ri%C3%9F%29,6h 16min,07:24,13:40,3
"93,95",Flexpreis,Y,1,"So.,04.12.2022",Berlin+Hbf,Biberach%28Ri%C3%9F%29,6h 16min,07:24,13:40,3
"108,60",Flexpreis Plus,Y,1,"So.,04.12.2022",Berlin+Hbf,Biberach%28Ri%C3%9F%29,6h 16min,07:24,13:40,3
"22,25",Normalpreis,Y,1,"So.,04.12.2022",Berlin+Hbf,Biberach%28Ri%C3%9F%29,8h 16min,07:24,15:40,1
"41,15",Super Sparpreis Young,Y,1,"So.,04.12.2022",Berlin+Hbf,Biberach%28Ri%C3%9F%29,7h 09min,07:33,14:42,2
"47,15",Sparpreis Young,Y,1,"So.,04.12.2022",Berlin+Hbf,Biberach%28Ri%C3%9F%29,7h 09min,07:33,14:42,2
"122,75",Flexpreis,Y,1,"So.,04.12.2022",Berlin+Hbf,Biberach%28Ri%C3%9F%29,7h 09min,07:33,14:42,2
"140,85",Flexpreis Plus,Y,1,"So.,04.12.2022",Berlin+Hbf,Biberach%28Ri%C3%9F%29,7h 09min,07:33,14:42,2
"41,15",Super Sparpreis Young,Y,1,"So.,04.12.2022",Berlin+Hbf,Biberach%28Ri%C3%9F%29,7h 09min,07:33,14:42,2
"47,15",Sparpreis Young,Y,1,"So.,04.12.2022",Berlin+Hbf,Biberach%28Ri%C3%9F%29,7h 09min,07:33,14:42,2
"122,75",Flexpreis,Y,1,"So.,04.12.2022",Berlin+Hbf,Biberach%28Ri%C3%9F%29,7h 09min,07:33,14:42,2
"140,85",Flexpreis Plus,Y,1,"So.,04.12.2022",Berlin+Hbf,Biberach%28Ri%C3%9F%29,7h 09min,07:33,14:42,2
"41,15",Super Sparpreis Young,Y,1,"So.,04.12.2022",Berlin+Hbf,Biberach%28Ri%C3%9F%29,7h 18min,07:50,15:08,3
"47,15",Sparpreis Young,Y,1,"So.,04.12.2022",Berlin+Hbf,Biberach%28Ri%C3%9F%29,7h 18min,07:50,15:08,3
"121,05",Flexpreis,Y,1,"So.,04.12.2022",Berlin+Hbf,Biberach%28Ri%C3%9F%29,7h 18min,07:50,15:08,3
"138,95",Flexpreis Plus,Y,1,"So.,04.12.2022",Berlin+Hbf,Biberach%28Ri%C3%9F%29,7h 18min,07:50,15:08,3
"71,15",Super Sparpreis,Y,1,"So.,04.12.2022",Berlin+Hbf,Biberach%28Ri%C3%9F%29,7h 10min,08:30,15:40,2
"77,15",Sparpreis,Y,1,"So.,04.12.2022",Berlin+Hbf,Biberach%28Ri%C3%9F%29,7h 10min,08:30,15:40,2
"122,75",Flexpreis,Y,1,"So.,04.12.2022",Berlin+Hbf,Biberach%28Ri%C3%9F%29,7h 10min,08:30,15:40,2
"140,85",Flexpreis Plus,Y,1,"So.,04.12.2022",Berlin+Hbf,Biberach%28Ri%C3%9F%29,7h 10min,08:30,15:40,2
"71,15",Super Sparpreis,Y,1,"So.,04.12.2022",Berlin+Hbf,Biberach%28Ri%C3%9F%29,7h 10min,08:30,15:40,2
"77,15",Sparpreis,Y,1,"So.,04.12.2022",Berlin+Hbf,Biberach%28Ri%C3%9F%29,7h 10min,08:30,15:40,2
"122,75",Flexpreis,Y,1,"So.,04.12.2022",Berlin+Hbf,Biberach%28Ri%C3%9F%29,7h 10min,08:30,15:40,2
"140,85",Flexpreis Plus,Y,1,"So.,04.12.2022",Berlin+Hbf,Biberach%28Ri%C3%9F%29,7h 10min,08:30,15:40,2
"71,15",Super Sparpreis,Y,1,"So.,04.12.2022",Berlin+Hbf,Biberach%28Ri%C3%9F%29,7h 51min,08:49,16:40,1
"77,15",Sparpreis,Y,1,"So.,04.12.2022",Berlin+Hbf,Biberach%28Ri%C3%9F%29,7h 51min,08:49,16:40,1
"122,75",Flexpreis,Y,1,"So.,04.12.2022",Berlin+Hbf,Biberach%28Ri%C3%9F%29,7h 51min,08:49,16:40,1
"140,85",Flexpreis Plus,Y,1,"So.,04.12.2022",Berlin+Hbf,Biberach%28Ri%C3%9F%29,7h 51min,08:49,16:40,1
"41,15",Super Sparpreis Young,Y,1,"So.,04.12.2022",Berlin+Hbf,Biberach%28Ri%C3%9F%29,7h 11min,09:29,16:40,2
"47,15",Sparpreis Young,Y,1,"So.,04.12.2022",Berlin+Hbf,Biberach%28Ri%C3%9F%29,7h 11min,09:29,16:40,2
"121,05",Flexpreis,Y,1,"So.,04.12.2022",Berlin+Hbf,Biberach%28Ri%C3%9F%29,7h 11min,09:29,16:40,2
"138,95",Flexpreis Plus,Y,1,"So.,04.12.2022",Berlin+Hbf,Biberach%28Ri%C3%9F%29,7h 11min,09:29,16:40,2
"71,15",Super Sparpreis,Y,1,"So.,04.12.2022",Berlin+Hbf,Biberach%28Ri%C3%9F%29,7h 51min,08:49,16:40,1
"77,15",Sparpreis,Y,1,"So.,04.12.2022",Berlin+Hbf,Biberach%28Ri%C3%9F%29,7h 51min,08:49,16:40,1
"122,75",Flexpreis,Y,1,"So.,04.12.2022",Berlin+Hbf,Biberach%28Ri%C3%9F%29,7h 51min,08:49,16:40,1
"140,85",Flexpreis Plus,Y,1,"So.,04.12.2022",Berlin+Hbf,Biberach%28Ri%C3%9F%29,7h 51min,08:49,16:40,1
"41,15",Super Sparpreis Young,Y,1,"So.,04.12.2022",Berlin+Hbf,Biberach%28Ri%C3%9F%29,7h 11min,09:29,16:40,2
"47,15",Sparpreis Young,Y,1,"So.,04.12.2022",Berlin+Hbf,Biberach%28Ri%C3%9F%29,7h 11min,09:29,16:40,2
"121,05",Flexpreis,Y,1,"So.,04.12.2022",Berlin+Hbf,Biberach%28Ri%C3%9F%29,7h 11min,09:29,16:40,2
"138,95",Flexpreis Plus,Y,1,"So.,04.12.2022",Berlin+Hbf,Biberach%28Ri%C3%9F%29,7h 11min,09:29,16:40,2
"66,65",Super Sparpreis,Y,1,"So.,04.12.2022",Berlin+Hbf,Biberach%28Ri%C3%9F%29,7h 19min,09:49,17:08,3
"72,65",Sparpreis,Y,1,"So.,04.12.2022",Berlin+Hbf,Biberach%28Ri%C3%9F%29,7h 19min,09:49,17:08,3
"121,05",Flexpreis,Y,1,"So.,04.12.2022",Berlin+Hbf,Biberach%28Ri%C3%9F%29,7h 19min,09:49,17:08,3
"138,95",Flexpreis Plus,Y,1,"So.,04.12.2022",Berlin+Hbf,Biberach%28Ri%C3%9F%29,7h 19min,09:49,17:08,3
"41,15",Super Sparpreis Young,Y,1,"So.,04.12.2022",Berlin+Hbf,Biberach%28Ri%C3%9F%29,7h 11min,09:29,16:40,2
"47,15",Sparpreis Young,Y,1,"So.,04.12.2022",Berlin+Hbf,Biberach%28Ri%C3%9F%29,7h 11min,09:29,16:40,2
"121,05",Flexpreis,Y,1,"So.,04.12.2022",Berlin+Hbf,Biberach%28Ri%C3%9F%29,7h 11min,09:29,16:40,2
"138,95",Flexpreis Plus,Y,1,"So.,04.12.2022",Berlin+Hbf,Biberach%28Ri%C3%9F%29,7h 11min,09:29,16:40,2
"66,65",Super Sparpreis,Y,1,"So.,04.12.2022",Berlin+Hbf,Biberach%28Ri%C3%9F%29,7h 19min,09:49,17:08,3
"72,65",Sparpreis,Y,1,"So.,04.12.2022",Berlin+Hbf,Biberach%28Ri%C3%9F%29,7h 19min,09:49,17:08,3
"121,05",Flexpreis,Y,1,"So.,04.12.2022",Berlin+Hbf,Biberach%28Ri%C3%9F%29,7h 19min,09:49,17:08,3
"138,95",Flexpreis Plus,Y,1,"So.,04.12.2022",Berlin+Hbf,Biberach%28Ri%C3%9F%29,7h 19min,09:49,17:08,3
"81,65",Super Sparpreis,Y,1,"So.,04.12.2022",Berlin+Hbf,Biberach%28Ri%C3%9F%29,7h 55min,10:45,18:40,1
"89,15",Sparpreis,Y,1,"So.,04.12.2022",Berlin+Hbf,Biberach%28Ri%C3%9F%29,7h 55min,10:45,18:40,1
"122,75",Flexpreis,Y,1,"So.,04.12.2022",Berlin+Hbf,Biberach%28Ri%C3%9F%29,7h 55min,10:45,18:40,1
"140,85",Flexpreis Plus,Y,1,"So.,04.12.2022",Berlin+Hbf,Biberach%28Ri%C3%9F%29,7h 55min,10:45,18:40,1
"81,65",Super Sparpreis,Y,1,"So.,04.12.2022",Berlin+Hbf,Biberach%28Ri%C3%9F%29,6h 49min,10:51,17:40,2
"89,15",Sparpreis,Y,1,"So.,04.12.2022",Berlin+Hbf,Biberach%28Ri%C3%9F%29,6h 49min,10:51,17:40,2
"121,05",Flexpreis,Y,1,"So.,04.12.2022",Berlin+Hbf,Biberach%28Ri%C3%9F%29,6h 49min,10:51,17:40,2
"138,95",Flexpreis Plus,Y,1,"So.,04.12.2022",Berlin+Hbf,Biberach%28Ri%C3%9F%29,6h 49min,10:51,17:40,2
"63,65",Super Sparpreis,Y,1,"So.,04.12.2022",Berlin+Hbf,Biberach%28Ri%C3%9F%29,6h 16min,11:24,17:40,3
"69,65",Sparpreis,Y,1,"So.,04.12.2022",Berlin+Hbf,Biberach%28Ri%C3%9F%29,6h 16min,11:24,17:40,3
"93,95",Flexpreis,Y,1,"So.,04.12.2022",Berlin+Hbf,Biberach%28Ri%C3%9F%29,6h 16min,11:24,17:40,3
"108,60",Flexpreis Plus,Y,1,"So.,04.12.2022",Berlin+Hbf,Biberach%28Ri%C3%9F%29,6h 16min,11:24,17:40,3
"63,65",Super Sparpreis,Y,1,"So.,04.12.2022",Berlin+Hbf,Biberach%28Ri%C3%9F%29,7h 16min,11:24,18:40,2
"69,65",Sparpreis,Y,1,"So.,04.12.2022",Berlin+Hbf,Biberach%28Ri%C3%9F%29,7h 16min,11:24,18:40,2
"91,55",Flexpreis,Y,1,"So.,04.12.2022",Berlin+Hbf,Biberach%28Ri%C3%9F%29,7h 16min,11:24,18:40,2
"105,95",Flexpreis Plus,Y,1,"So.,04.12.2022",Berlin+Hbf,Biberach%28Ri%C3%9F%29,7h 16min,11:24,18:40,2
"66,65",Super Sparpreis,Y,1,"So.,04.12.2022",Berlin+Hbf,Biberach%28Ri%C3%9F%29,7h 19min,09:49,17:08,3
"72,65",Sparpreis,Y,1,"So.,04.12.2022",Berlin+Hbf,Biberach%28Ri%C3%9F%29,7h 19min,09:49,17:08,3
"121,05",Flexpreis,Y,1,"So.,04.12.2022",Berlin+Hbf,Biberach%28Ri%C3%9F%29,7h 19min,09:49,17:08,3
"138,95",Flexpreis Plus,Y,1,"So.,04.12.2022",Berlin+Hbf,Biberach%28Ri%C3%9F%29,7h 19min,09:49,17:08,3
"81,65",Super Sparpreis,Y,1,"So.,04.12.2022",Berlin+Hbf,Biberach%28Ri%C3%9F%29,7h 55min,10:45,18:40,1
"89,15",Sparpreis,Y,1,"So.,04.12.2022",Berlin+Hbf,Biberach%28Ri%C3%9F%29,7h 55min,10:45,18:40,1
"122,75",Flexpreis,Y,1,"So.,04.12.2022",Berlin+Hbf,Biberach%28Ri%C3%9F%29,7h 55min,10:45,18:40,1
"140,85",Flexpreis Plus,Y,1,"So.,04.12.2022",Berlin+Hbf,Biberach%28Ri%C3%9F%29,7h 55min,10:45,18:40,1
"81,65",Super Sparpreis,Y,1,"So.,04.12.2022",Berlin+Hbf,Biberach%28Ri%C3%9F%29,6h 49min,10:51,17:40,2
"89,15",Sparpreis,Y,1,"So.,04.12.2022",Berlin+Hbf,Biberach%28Ri%C3%9F%29,6h 49min,10:51,17:40,2
"121,05",Flexpreis,Y,1,"So.,04.12.2022",Berlin+Hbf,Biberach%28Ri%C3%9F%29,6h 49min,10:51,17:40,2
"138,95",Flexpreis Plus,Y,1,"So.,04.12.2022",Berlin+Hbf,Biberach%28Ri%C3%9F%29,6h 49min,10:51,17:40,2
"63,65",Super Sparpreis,Y,1,"So.,04.12.2022",Berlin+Hbf,Biberach%28Ri%C3%9F%29,6h 16min,11:24,17:40,3
"69,65",Sparpreis,Y,1,"So.,04.12.2022",Berlin+Hbf,Biberach%28Ri%C3%9F%29,6h 16min,11:24,17:40,3
"93,95",Flexpreis,Y,1,"So.,04.12.2022",Berlin+Hbf,Biberach%28Ri%C3%9F%29,6h 16min,11:24,17:40,3
"108,60",Flexpreis Plus,Y,1,"So.,04.12.2022",Berlin+Hbf,Biberach%28Ri%C3%9F%29,6h 16min,11:24,17:40,3
"63,65",Super Sparpreis,Y,1,"So.,04.12.2022",Berlin+Hbf,Biberach%28Ri%C3%9F%29,7h 16min,11:24,18:40,2
"69,65",Sparpreis,Y,1,"So.,04.12.2022",Berlin+Hbf,Biberach%28Ri%C3%9F%29,7h 16min,11:24,18:40,2
"91,55",Flexpreis,Y,1,"So.,04.12.2022",Berlin+Hbf,Biberach%28Ri%C3%9F%29,7h 16min,11:24,18:40,2
"105,95",Flexpreis Plus,Y,1,"So.,04.12.2022",Berlin+Hbf,Biberach%28Ri%C3%9F%29,7h 16min,11:24,18:40,2
"81,65",Super Sparpreis,Y,1,"So.,04.12.2022",Berlin+Hbf,Biberach%28Ri%C3%9F%29,7h 55min,10:45,18:40,1
"89,15",Sparpreis,Y,1,"So.,04.12.2022",Berlin+Hbf,Biberach%28Ri%C3%9F%29,7h 55min,10:45,18:40,1
"122,75",Flexpreis,Y,1,"So.,04.12.2022",Berlin+Hbf,Biberach%28Ri%C3%9F%29,7h 55min,10:45,18:40,1
"140,85",Flexpreis Plus,Y,1,"So.,04.12.2022",Berlin+Hbf,Biberach%28Ri%C3%9F%29,7h 55min,10:45,18:40,1
"81,65",Super Sparpreis,Y,1,"So.,04.12.2022",Berlin+Hbf,Biberach%28Ri%C3%9F%29,6h 49min,10:51,17:40,2
"89,15",Sparpreis,Y,1,"So.,04.12.2022",Berlin+Hbf,Biberach%28Ri%C3%9F%29,6h 49min,10:51,17:40,2
"121,05",Flexpreis,Y,1,"So.,04.12.2022",Berlin+Hbf,Biberach%28Ri%C3%9F%29,6h 49min,10:51,17:40,2
"138,95",Flexpreis Plus,Y,1,"So.,04.12.2022",Berlin+Hbf,Biberach%28Ri%C3%9F%29,6h 49min,10:51,17:40,2
"63,65",Super Sparpreis,Y,1,"So.,04.12.2022",Berlin+Hbf,Biberach%28Ri%C3%9F%29,6h 16min,11:24,17:40,3
"69,65",Sparpreis,Y,1,"So.,04.12.2022",Berlin+Hbf,Biberach%28Ri%C3%9F%29,6h 16min,11:24,17:40,3
"93,95",Flexpreis,Y,1,"So.,04.12.2022",Berlin+Hbf,Biberach%28Ri%C3%9F%29,6h 16min,11:24,17:40,3
"108,60",Flexpreis Plus,Y,1,"So.,04.12.2022",Berlin+Hbf,Biberach%28Ri%C3%9F%29,6h 16min,11:24,17:40,3
"63,65",Super Sparpreis,Y,1,"So.,04.12.2022",Berlin+Hbf,Biberach%28Ri%C3%9F%29,7h 16min,11:24,18:40,2
"69,65",Sparpreis,Y,1,"So.,04.12.2022",Berlin+Hbf,Biberach%28Ri%C3%9F%29,7h 16min,11:24,18:40,2
"91,55",Flexpreis,Y,1,"So.,04.12.2022",Berlin+Hbf,Biberach%28Ri%C3%9F%29,7h 16min,11:24,18:40,2
"105,95",Flexpreis Plus,Y,1,"So.,04.12.2022",Berlin+Hbf,Biberach%28Ri%C3%9F%29,7h 16min,11:24,18:40,2
"81,65",Super Sparpreis,Y,1,"So.,04.12.2022",Berlin+Hbf,Biberach%28Ri%C3%9F%29,7h 55min,10:45,18:40,1
"89,15",Sparpreis,Y,1,"So.,04.12.2022",Berlin+Hbf,Biberach%28Ri%C3%9F%29,7h 55min,10:45,18:40,1
"122,75",Flexpreis,Y,1,"So.,04.12.2022",Berlin+Hbf,Biberach%28Ri%C3%9F%29,7h 55min,10:45,18:40,1
"140,85",Flexpreis Plus,Y,1,"So.,04.12.2022",Berlin+Hbf,Biberach%28Ri%C3%9F%29,7h 55min,10:45,18:40,1
"81,65",Super Sparpreis,Y,1,"So.,04.12.2022",Berlin+Hbf,Biberach%28Ri%C3%9F%29,6h 49min,10:51,17:40,2
"89,15",Sparpreis,Y,1,"So.,04.12.2022",Berlin+Hbf,Biberach%28Ri%C3%9F%29,6h 49min,10:51,17:40,2
"121,05",Flexpreis,Y,1,"So.,04.12.2022",Berlin+Hbf,Biberach%28Ri%C3%9F%29,6h 49min,10:51,17:40,2
"138,95",Flexpreis Plus,Y,1,"So.,04.12.2022",Berlin+Hbf,Biberach%28Ri%C3%9F%29,6h 49min,10:51,17:40,2
"63,65",Super Sparpreis,Y,1,"So.,04.12.2022",Berlin+Hbf,Biberach%28Ri%C3%9F%29,6h 16min,11:24,17:40,3
"69,65",Sparpreis,Y,1,"So.,04.12.2022",Berlin+Hbf,Biberach%28Ri%C3%9F%29,6h 16min,11:24,17:40,3
"93,95",Flexpreis,Y,1,"So.,04.12.2022",Berlin+Hbf,Biberach%28Ri%C3%9F%29,6h 16min,11:24,17:40,3
"108,60",Flexpreis Plus,Y,1,"So.,04.12.2022",Berlin+Hbf,Biberach%28Ri%C3%9F%29,6h 16min,11:24,17:40,3
"63,65",Super Sparpreis,Y,1,"So.,04.12.2022",Berlin+Hbf,Biberach%28Ri%C3%9F%29,7h 16min,11:24,18:40,2
"69,65",Sparpreis,Y,1,"So.,04.12.2022",Berlin+Hbf,Biberach%28Ri%C3%9F%29,7h 16min,11:24,18:40,2
"91,55",Flexpreis,Y,1,"So.,04.12.2022",Berlin+Hbf,Biberach%28Ri%C3%9F%29,7h 16min,11:24,18:40,2
"105,95",Flexpreis Plus,Y,1,"So.,04.12.2022",Berlin+Hbf,Biberach%28Ri%C3%9F%29,7h 16min,11:24,18:40,2
"63,65",Super Sparpreis,Y,1,"So.,04.12.2022",Berlin+Hbf,Biberach%28Ri%C3%9F%29,6h 16min,11:24,17:40,3
"69,65",Sparpreis,Y,1,"So.,04.12.2022",Berlin+Hbf,Biberach%28Ri%C3%9F%29,6h 16min,11:24,17:40,3
"93,95",Flexpreis,Y,1,"So.,04.12.2022",Berlin+Hbf,Biberach%28Ri%C3%9F%29,6h 16min,11:24,17:40,3
"108,60",Flexpreis Plus,Y,1,"So.,04.12.2022",Berlin+Hbf,Biberach%28Ri%C3%9F%29,6h 16min,11:24,17:40,3
"63,65",Super Sparpreis,Y,1,"So.,04.12.2022",Berlin+Hbf,Biberach%28Ri%C3%9F%29,7h 16min,11:24,18:40,2
"69,65",Sparpreis,Y,1,"So.,04.12.2022",Berlin+Hbf,Biberach%28Ri%C3%9F%29,7h 16min,11:24,18:40,2
"91,55",Flexpreis,Y,1,"So.,04.12.2022",Berlin+Hbf,Biberach%28Ri%C3%9F%29,7h 16min,11:24,18:40,2
"105,95",Flexpreis Plus,Y,1,"So.,04.12.2022",Berlin+Hbf,Biberach%28Ri%C3%9F%29,7h 16min,11:24,18:40,2
"107,90",Super Sparpreis,Y,1,"So.,04.12.2022",Berlin+Hbf,Biberach%28Ri%C3%9F%29,7h 10min,12:30,19:40,2
"115,40",Sparpreis,Y,1,"So.,04.12.2022",Berlin+Hbf,Biberach%28Ri%C3%9F%29,7h 10min,12:30,19:40,2
"122,75",Flexpreis,Y,1,"So.,04.12.2022",Berlin+Hbf,Biberach%28Ri%C3%9F%29,7h 10min,12:30,19:40,2
"140,85",Flexpreis Plus,Y,1,"So.,04.12.2022",Berlin+Hbf,Biberach%28Ri%C3%9F%29,7h 10min,12:30,19:40,2
"107,90",Super Sparpreis,Y,1,"So.,04.12.2022",Berlin+Hbf,Biberach%28Ri%C3%9F%29,7h 10min,12:30,19:40,2
"115,40",Sparpreis,Y,1,"So.,04.12.2022",Berlin+Hbf,Biberach%28Ri%C3%9F%29,7h 10min,12:30,19:40,2
"122,75",Flexpreis,Y,1,"So.,04.12.2022",Berlin+Hbf,Biberach%28Ri%C3%9F%29,7h 10min,12:30,19:40,2
"140,85",Flexpreis Plus,Y,1,"So.,04.12.2022",Berlin+Hbf,Biberach%28Ri%C3%9F%29,7h 10min,12:30,19:40,2
"81,65",Super Sparpreis,Y,1,"So.,04.12.2022",Berlin+Hbf,Biberach%28Ri%C3%9F%29,7h 52min,12:48,20:40,1
"89,15",Sparpreis,Y,1,"So.,04.12.2022",Berlin+Hbf,Biberach%28Ri%C3%9F%29,7h 52min,12:48,20:40,1
"122,75",Flexpreis,Y,1,"So.,04.12.2022",Berlin+Hbf,Biberach%28Ri%C3%9F%29,7h 52min,12:48,20:40,1
"140,85",Flexpreis Plus,Y,1,"So.,04.12.2022",Berlin+Hbf,Biberach%28Ri%C3%9F%29,7h 52min,12:48,20:40,1
"89,15",Super Sparpreis,Y,1,"So.,04.12.2022",Berlin+Hbf,Biberach%28Ri%C3%9F%29,7h 49min,12:51,20:40,2
"96,65",Sparpreis,Y,1,"So.,04.12.2022",Berlin+Hbf,Biberach%28Ri%C3%9F%29,7h 49min,12:51,20:40,2
"121,05",Flexpreis,Y,1,"So.,04.12.2022",Berlin+Hbf,Biberach%28Ri%C3%9F%29,7h 49min,12:51,20:40,2
"138,95",Flexpreis Plus,Y,1,"So.,04.12.2022",Berlin+Hbf,Biberach%28Ri%C3%9F%29,7h 49min,12:51,20:40,2
"121,05",Flexpreis,Y,1,"So.,04.12.2022",Berlin+Hbf,Biberach%28Ri%C3%9F%29,6h 36min,14:04,20:40,3
"138,95",Flexpreis Plus,Y,1,"So.,04.12.2022",Berlin+Hbf,Biberach%28Ri%C3%9F%29,6h 36min,14:04,20:40,3
"107,90",Super Sparpreis,Y,1,"So.,04.12.2022",Berlin+Hbf,Biberach%28Ri%C3%9F%29,7h 10min,12:30,19:40,2
"115,40",Sparpreis,Y,1,"So.,04.12.2022",Berlin+Hbf,Biberach%28Ri%C3%9F%29,7h 10min,12:30,19:40,2
"122,75",Flexpreis,Y,1,"So.,04.12.2022",Berlin+Hbf,Biberach%28Ri%C3%9F%29,7h 10min,12:30,19:40,2
"140,85",Flexpreis Plus,Y,1,"So.,04.12.2022",Berlin+Hbf,Biberach%28Ri%C3%9F%29,7h 10min,12:30,19:40,2
"81,65",Super Sparpreis,Y,1,"So.,04.12.2022",Berlin+Hbf,Biberach%28Ri%C3%9F%29,7h 52min,12:48,20:40,1
"89,15",Sparpreis,Y,1,"So.,04.12.2022",Berlin+Hbf,Biberach%28Ri%C3%9F%29,7h 52min,12:48,20:40,1
"122,75",Flexpreis,Y,1,"So.,04.12.2022",Berlin+Hbf,Biberach%28Ri%C3%9F%29,7h 52min,12:48,20:40,1
"140,85",Flexpreis Plus,Y,1,"So.,04.12.2022",Berlin+Hbf,Biberach%28Ri%C3%9F%29,7h 52min,12:48,20:40,1
"89,15",Super Sparpreis,Y,1,"So.,04.12.2022",Berlin+Hbf,Biberach%28Ri%C3%9F%29,7h 49min,12:51,20:40,2
"96,65",Sparpreis,Y,1,"So.,04.12.2022",Berlin+Hbf,Biberach%28Ri%C3%9F%29,7h 49min,12:51,20:40,2
"121,05",Flexpreis,Y,1,"So.,04.12.2022",Berlin+Hbf,Biberach%28Ri%C3%9F%29,7h 49min,12:51,20:40,2
"138,95",Flexpreis Plus,Y,1,"So.,04.12.2022",Berlin+Hbf,Biberach%28Ri%C3%9F%29,7h 49min,12:51,20:40,2
"121,05",Flexpreis,Y,1,"So.,04.12.2022",Berlin+Hbf,Biberach%28Ri%C3%9F%29,6h 36min,14:04,20:40,3
"138,95",Flexpreis Plus,Y,1,"So.,04.12.2022",Berlin+Hbf,Biberach%28Ri%C3%9F%29,6h 36min,14:04,20:40,3
"81,65",Super Sparpreis,Y,1,"So.,04.12.2022",Berlin+Hbf,Biberach%28Ri%C3%9F%29,7h 52min,12:48,20:40,1
"89,15",Sparpreis,Y,1,"So.,04.12.2022",Berlin+Hbf,Biberach%28Ri%C3%9F%29,7h 52min,12:48,20:40,1
"122,75",Flexpreis,Y,1,"So.,04.12.2022",Berlin+Hbf,Biberach%28Ri%C3%9F%29,7h 52min,12:48,20:40,1
"140,85",Flexpreis Plus,Y,1,"So.,04.12.2022",Berlin+Hbf,Biberach%28Ri%C3%9F%29,7h 52min,12:48,20:40,1
"89,15",Super Sparpreis,Y,1,"So.,04.12.2022",Berlin+Hbf,Biberach%28Ri%C3%9F%29,7h 49min,12:51,20:40,2
"96,65",Sparpreis,Y,1,"So.,04.12.2022",Berlin+Hbf,Biberach%28Ri%C3%9F%29,7h 49min,12:51,20:40,2
"121,05",Flexpreis,Y,1,"So.,04.12.2022",Berlin+Hbf,Biberach%28Ri%C3%9F%29,7h 49min,12:51,20:40,2
"138,95",Flexpreis Plus,Y,1,"So.,04.12.2022",Berlin+Hbf,Biberach%28Ri%C3%9F%29,7h 49min,12:51,20:40,2
"121,05",Flexpreis,Y,1,"So.,04.12.2022",Berlin+Hbf,Biberach%28Ri%C3%9F%29,6h 36min,14:04,20:40,3
"138,95",Flexpreis Plus,Y,1,"So.,04.12.2022",Berlin+Hbf,Biberach%28Ri%C3%9F%29,6h 36min,14:04,20:40,3
"121,05",Flexpreis,Y,1,"So.,04.12.2022",Berlin+Hbf,Biberach%28Ri%C3%9F%29,6h 36min,14:04,20:40,3
"138,95",Flexpreis Plus,Y,1,"So.,04.12.2022",Berlin+Hbf,Biberach%28Ri%C3%9F%29,6h 36min,14:04,20:40,3
"89,15",Super Sparpreis,Y,1,"So.,04.12.2022",Berlin+Hbf,Biberach%28Ri%C3%9F%29,6h 38min,14:30,21:08,3
"96,65",Sparpreis,Y,1,"So.,04.12.2022",Berlin+Hbf,Biberach%28Ri%C3%9F%29,6h 38min,14:30,21:08,3
"121,05",Flexpreis,Y,1,"So.,04.12.2022",Berlin+Hbf,Biberach%28Ri%C3%9F%29,6h 38min,14:30,21:08,3
"138,95",Flexpreis Plus,Y,1,"So.,04.12.2022",Berlin+Hbf,Biberach%28Ri%C3%9F%29,6h 38min,14:30,21:08,3
"96,65",Super Sparpreis,Y,1,"So.,04.12.2022",Berlin+Hbf,Biberach%28Ri%C3%9F%29,7h 10min,14:30,21:40,2
"104,15",Sparpreis,Y,1,"So.,04.12.2022",Berlin+Hbf,Biberach%28Ri%C3%9F%29,7h 10min,14:30,21:40,2
"122,75",Flexpreis,Y,1,"So.,04.12.2022",Berlin+Hbf,Biberach%28Ri%C3%9F%29,7h 10min,14:30,21:40,2
"140,85",Flexpreis Plus,Y,1,"So.,04.12.2022",Berlin+Hbf,Biberach%28Ri%C3%9F%29,7h 10min,14:30,21:40,2
"121,05",Flexpreis,Y,1,"So.,04.12.2022",Berlin+Hbf,Biberach%28Ri%C3%9F%29,6h 36min,14:04,20:40,3
"138,95",Flexpreis Plus,Y,1,"So.,04.12.2022",Berlin+Hbf,Biberach%28Ri%C3%9F%29,6h 36min,14:04,20:40,3
"89,15",Super Sparpreis,Y,1,"So.,04.12.2022",Berlin+Hbf,Biberach%28Ri%C3%9F%29,6h 38min,14:30,21:08,3
"96,65",Sparpreis,Y,1,"So.,04.12.2022",Berlin+Hbf,Biberach%28Ri%C3%9F%29,6h 38min,14:30,21:08,3
"121,05",Flexpreis,Y,1,"So.,04.12.2022",Berlin+Hbf,Biberach%28Ri%C3%9F%29,6h 38min,14:30,21:08,3
"138,95",Flexpreis Plus,Y,1,"So.,04.12.2022",Berlin+Hbf,Biberach%28Ri%C3%9F%29,6h 38min,14:30,21:08,3
"96,65",Super Sparpreis,Y,1,"So.,04.12.2022",Berlin+Hbf,Biberach%28Ri%C3%9F%29,7h 10min,14:30,21:40,2
"104,15",Sparpreis,Y,1,"So.,04.12.2022",Berlin+Hbf,Biberach%28Ri%C3%9F%29,7h 10min,14:30,21:40,2
"122,75",Flexpreis,Y,1,"So.,04.12.2022",Berlin+Hbf,Biberach%28Ri%C3%9F%29,7h 10min,14:30,21:40,2
"140,85",Flexpreis Plus,Y,1,"So.,04.12.2022",Berlin+Hbf,Biberach%28Ri%C3%9F%29,7h 10min,14:30,21:40,2
"121,05",Flexpreis,Y,1,"So.,04.12.2022",Berlin+Hbf,Biberach%28Ri%C3%9F%29,6h 36min,14:04,20:40,3
"138,95",Flexpreis Plus,Y,1,"So.,04.12.2022",Berlin+Hbf,Biberach%28Ri%C3%9F%29,6h 36min,14:04,20:40,3
"89,15",Super Sparpreis,Y,1,"So.,04.12.2022",Berlin+Hbf,Biberach%28Ri%C3%9F%29,6h 38min,14:30,21:08,3
"96,65",Sparpreis,Y,1,"So.,04.12.2022",Berlin+Hbf,Biberach%28Ri%C3%9F%29,6h 38min,14:30,21:08,3
"121,05",Flexpreis,Y,1,"So.,04.12.2022",Berlin+Hbf,Biberach%28Ri%C3%9F%29,6h 38min,14:30,21:08,3
"138,95",Flexpreis Plus,Y,1,"So.,04.12.2022",Berlin+Hbf,Biberach%28Ri%C3%9F%29,6h 38min,14:30,21:08,3
"96,65",Super Sparpreis,Y,1,"So.,04.12.2022",Berlin+Hbf,Biberach%28Ri%C3%9F%29,7h 10min,14:30,21:40,2
"104,15",Sparpreis,Y,1,"So.,04.12.2022",Berlin+Hbf,Biberach%28Ri%C3%9F%29,7h 10min,14:30,21:40,2
"122,75",Flexpreis,Y,1,"So.,04.12.2022",Berlin+Hbf,Biberach%28Ri%C3%9F%29,7h 10min,14:30,21:40,2
"140,85",Flexpreis Plus,Y,1,"So.,04.12.2022",Berlin+Hbf,Biberach%28Ri%C3%9F%29,7h 10min,14:30,21:40,2
"81,65",Super Sparpreis,Y,1,"So.,04.12.2022",Berlin+Hbf,Biberach%28Ri%C3%9F%29,7h 58min,14:43,22:41,1
"89,15",Sparpreis,Y,1,"So.,04.12.2022",Berlin+Hbf,Biberach%28Ri%C3%9F%29,7h 58min,14:43,22:41,1
"122,75",Flexpreis,Y,1,"So.,04.12.2022",Berlin+Hbf,Biberach%28Ri%C3%9F%29,7h 58min,14:43,22:41,1
"140,85",Flexpreis Plus,Y,1,"So.,04.12.2022",Berlin+Hbf,Biberach%28Ri%C3%9F%29,7h 58min,14:43,22:41,1
"34,40",Super Sparpreis Young,Y,1,"So.,04.12.2022",Berlin+Hbf,Biberach%28Ri%C3%9F%29,7h 18min,15:23,22:41,2
"38,90",Sparpreis Young,Y,1,"So.,04.12.2022",Berlin+Hbf,Biberach%28Ri%C3%9F%29,7h 18min,15:23,22:41,2
"73,35",Flexpreis,Y,1,"So.,04.12.2022",Berlin+Hbf,Biberach%28Ri%C3%9F%29,7h 18min,15:23,22:41,2
"85,50",Flexpreis Plus,Y,1,"So.,04.12.2022",Berlin+Hbf,Biberach%28Ri%C3%9F%29,7h 18min,15:23,22:41,2
"81,65",Super Sparpreis,Y,1,"So.,04.12.2022",Berlin+Hbf,Biberach%28Ri%C3%9F%29,6h 29min,17:36,00:05,2
"89,15",Sparpreis,Y,1,"So.,04.12.2022",Berlin+Hbf,Biberach%28Ri%C3%9F%29,6h 29min,17:36,00:05,2
"121,05",Flexpreis,Y,1,"So.,04.12.2022",Berlin+Hbf,Biberach%28Ri%C3%9F%29,6h 29min,17:36,00:05,2
"138,95",Flexpreis Plus,Y,1,"So.,04.12.2022",Berlin+Hbf,Biberach%28Ri%C3%9F%29,6h 29min,17:36,00:05,2
"34,40",Super Sparpreis Young,Y,1,"So.,04.12.2022",Berlin+Hbf,Biberach%28Ri%C3%9F%29,7h 18min,15:23,22:41,2
"38,90",Sparpreis Young,Y,1,"So.,04.12.2022",Berlin+Hbf,Biberach%28Ri%C3%9F%29,7h 18min,15:23,22:41,2
"73,35",Flexpreis,Y,1,"So.,04.12.2022",Berlin+Hbf,Biberach%28Ri%C3%9F%29,7h 18min,15:23,22:41,2
"85,50",Flexpreis Plus,Y,1,"So.,04.12.2022",Berlin+Hbf,Biberach%28Ri%C3%9F%29,7h 18min,15:23,22:41,2
"81,65",Super Sparpreis,Y,1,"So.,04.12.2022",Berlin+Hbf,Biberach%28Ri%C3%9F%29,6h 29min,17:36,00:05,2
"89,15",Sparpreis,Y,1,"So.,04.12.2022",Berlin+Hbf,Biberach%28Ri%C3%9F%29,6h 29min,17:36,00:05,2
"121,05",Flexpreis,Y,1,"So.,04.12.2022",Berlin+Hbf,Biberach%28Ri%C3%9F%29,6h 29min,17:36,00:05,2
"138,95",Flexpreis Plus,Y,1,"So.,04.12.2022",Berlin+Hbf,Biberach%28Ri%C3%9F%29,6h 29min,17:36,00:05,2
"41,15",Super Sparpreis Young,Y,1,"So.,04.12.2022",Berlin+Hbf,Biberach%28Ri%C3%9F%29,8h 52min,20:30,05:22,2
"47,15",Sparpreis Young,Y,1,"So.,04.12.2022",Berlin+Hbf,Biberach%28Ri%C3%9F%29,8h 52min,20:30,05:22,2
"122,75",Flexpreis,Y,1,"So.,04.12.2022",Berlin+Hbf,Biberach%28Ri%C3%9F%29,8h 52min,20:30,05:22,2
"140,85",Flexpreis Plus,Y,1,"So.,04.12.2022",Berlin+Hbf,Biberach%28Ri%C3%9F%29,8h 52min,20:30,05:22,2
"81,65",Super Sparpreis,Y,1,"So.,04.12.2022",Berlin+Hbf,Biberach%28Ri%C3%9F%29,6h 29min,17:36,00:05,2
"89,15",Sparpreis,Y,1,"So.,04.12.2022",Berlin+Hbf,Biberach%28Ri%C3%9F%29,6h 29min,17:36,00:05,2
"121,05",Flexpreis,Y,1,"So.,04.12.2022",Berlin+Hbf,Biberach%28Ri%C3%9F%29,6h 29min,17:36,00:05,2
"138,95",Flexpreis Plus,Y,1,"So.,04.12.2022",Berlin+Hbf,Biberach%28Ri%C3%9F%29,6h 29min,17:36,00:05,2
"41,15",Super Sparpreis Young,Y,1,"So.,04.12.2022",Berlin+Hbf,Biberach%28Ri%C3%9F%29,8h 52min,20:30,05:22,2
"47,15",Sparpreis Young,Y,1,"So.,04.12.2022",Berlin+Hbf,Biberach%28Ri%C3%9F%29,8h 52min,20:30,05:22,2
"122,75",Flexpreis,Y,1,"So.,04.12.2022",Berlin+Hbf,Biberach%28Ri%C3%9F%29,8h 52min,20:30,05:22,2
"140,85",Flexpreis Plus,Y,1,"So.,04.12.2022",Berlin+Hbf,Biberach%28Ri%C3%9F%29,8h 52min,20:30,05:22,2
"41,90",Super Sparpreis,Y,1,"So.,04.12.2022",Berlin+Hbf,Biberach%28Ri%C3%9F%29,10h 24min,20:43,07:07,1
"47,90",Sparpreis,Y,1,"So.,04.12.2022",Berlin+Hbf,Biberach%28Ri%C3%9F%29,10h 24min,20:43,07:07,1
"122,75",Flexpreis,Y,1,"So.,04.12.2022",Berlin+Hbf,Biberach%28Ri%C3%9F%29,10h 24min,20:43,07:07,1
"140,85",Flexpreis Plus,Y,1,"So.,04.12.2022",Berlin+Hbf,Biberach%28Ri%C3%9F%29,10h 24min,20:43,07:07,1
"81,65",Super Sparpreis,Y,1,"So.,04.12.2022",Berlin+Hbf,Biberach%28Ri%C3%9F%29,6h 29min,17:36,00:05,2
"89,15",Sparpreis,Y,1,"So.,04.12.2022",Berlin+Hbf,Biberach%28Ri%C3%9F%29,6h 29min,17:36,00:05,2
"121,05",Flexpreis,Y,1,"So.,04.12.2022",Berlin+Hbf,Biberach%28Ri%C3%9F%29,6h 29min,17:36,00:05,2
"138,95",Flexpreis Plus,Y,1,"So.,04.12.2022",Berlin+Hbf,Biberach%28Ri%C3%9F%29,6h 29min,17:36,00:05,2
"41,15",Super Sparpreis Young,Y,1,"So.,04.12.2022",Berlin+Hbf,Biberach%28Ri%C3%9F%29,8h 52min,20:30,05:22,2
"47,15",Sparpreis Young,Y,1,"So.,04.12.2022",Berlin+Hbf,Biberach%28Ri%C3%9F%29,8h 52min,20:30,05:22,2
"122,75",Flexpreis,Y,1,"So.,04.12.2022",Berlin+Hbf,Biberach%28Ri%C3%9F%29,8h 52min,20:30,05:22,2
"140,85",Flexpreis Plus,Y,1,"So.,04.12.2022",Berlin+Hbf,Biberach%28Ri%C3%9F%29,8h 52min,20:30,05:22,2
"41,90",Super Sparpreis,Y,1,"So.,04.12.2022",Berlin+Hbf,Biberach%28Ri%C3%9F%29,10h 24min,20:43,07:07,1
"47,90",Sparpreis,Y,1,"So.,04.12.2022",Berlin+Hbf,Biberach%28Ri%C3%9F%29,10h 24min,20:43,07:07,1
"122,75",Flexpreis,Y,1,"So.,04.12.2022",Berlin+Hbf,Biberach%28Ri%C3%9F%29,10h 24min,20:43,07:07,1
"140,85",Flexpreis Plus,Y,1,"So.,04.12.2022",Berlin+Hbf,Biberach%28Ri%C3%9F%29,10h 24min,20:43,07:07,1
"81,65",Super Sparpreis,Y,1,"So.,04.12.2022",Berlin+Hbf,Biberach%28Ri%C3%9F%29,6h 29min,17:36,00:05,2
"89,15",Sparpreis,Y,1,"So.,04.12.2022",Berlin+Hbf,Biberach%28Ri%C3%9F%29,6h 29min,17:36,00:05,2
"121,05",Flexpreis,Y,1,"So.,04.12.2022",Berlin+Hbf,Biberach%28Ri%C3%9F%29,6h 29min,17:36,00:05,2
"138,95",Flexpreis Plus,Y,1,"So.,04.12.2022",Berlin+Hbf,Biberach%28Ri%C3%9F%29,6h 29min,17:36,00:05,2
"41,15",Super Sparpreis Young,Y,1,"So.,04.12.2022",Berlin+Hbf,Biberach%28Ri%C3%9F%29,8h 52min,20:30,05:22,2
"47,15",Sparpreis Young,Y,1,"So.,04.12.2022",Berlin+Hbf,Biberach%28Ri%C3%9F%29,8h 52min,20:30,05:22,2
"122,75",Flexpreis,Y,1,"So.,04.12.2022",Berlin+Hbf,Biberach%28Ri%C3%9F%29,8h 52min,20:30,05:22,2
"140,85",Flexpreis Plus,Y,1,"So.,04.12.2022",Berlin+Hbf,Biberach%28Ri%C3%9F%29,8h 52min,20:30,05:22,2
"41,90",Super Sparpreis,Y,1,"So.,04.12.2022",Berlin+Hbf,Biberach%28Ri%C3%9F%29,10h 24min,20:43,07:07,1
"47,90",Sparpreis,Y,1,"So.,04.12.2022",Berlin+Hbf,Biberach%28Ri%C3%9F%29,10h 24min,20:43,07:07,1
"122,75",Flexpreis,Y,1,"So.,04.12.2022",Berlin+Hbf,Biberach%28Ri%C3%9F%29,10h 24min,20:43,07:07,1
"140,85",Flexpreis Plus,Y,1,"So.,04.12.2022",Berlin+Hbf,Biberach%28Ri%C3%9F%29,10h 24min,20:43,07:07,1
"81,65",Super Sparpreis,Y,1,"So.,04.12.2022",Berlin+Hbf,Biberach%28Ri%C3%9F%29,6h 29min,17:36,00:05,2
"89,15",Sparpreis,Y,1,"So.,04.12.2022",Berlin+Hbf,Biberach%28Ri%C3%9F%29,6h 29min,17:36,00:05,2
"121,05",Flexpreis,Y,1,"So.,04.12.2022",Berlin+Hbf,Biberach%28Ri%C3%9F%29,6h 29min,17:36,00:05,2
"138,95",Flexpreis Plus,Y,1,"So.,04.12.2022",Berlin+Hbf,Biberach%28Ri%C3%9F%29,6h 29min,17:36,00:05,2
"41,15",Super Sparpreis Young,Y,1,"So.,04.12.2022",Berlin+Hbf,Biberach%28Ri%C3%9F%29,8h 52min,20:30,05:22,2
"47,15",Sparpreis Young,Y,1,"So.,04.12.2022",Berlin+Hbf,Biberach%28Ri%C3%9F%29,8h 52min,20:30,05:22,2
"122,75",Flexpreis,Y,1,"So.,04.12.2022",Berlin+Hbf,Biberach%28Ri%C3%9F%29,8h 52min,20:30,05:22,2
"140,85",Flexpreis Plus,Y,1,"So.,04.12.2022",Berlin+Hbf,Biberach%28Ri%C3%9F%29,8h 52min,20:30,05:22,2
"41,90",Super Sparpreis,Y,1,"So.,04.12.2022",Berlin+Hbf,Biberach%28Ri%C3%9F%29,10h 24min,20:43,07:07,1
"47,90",Sparpreis,Y,1,"So.,04.12.2022",Berlin+Hbf,Biberach%28Ri%C3%9F%29,10h 24min,20:43,07:07,1
"122,75",Flexpreis,Y,1,"So.,04.12.2022",Berlin+Hbf,Biberach%28Ri%C3%9F%29,10h 24min,20:43,07:07,1
"140,85",Flexpreis Plus,Y,1,"So.,04.12.2022",Berlin+Hbf,Biberach%28Ri%C3%9F%29,10h 24min,20:43,07:07,1
"81,65",Super Sparpreis,Y,1,"So.,04.12.2022",Berlin+Hbf,Biberach%28Ri%C3%9F%29,6h 29min,17:36,00:05,2
"89,15",Sparpreis,Y,1,"So.,04.12.2022",Berlin+Hbf,Biberach%28Ri%C3%9F%29,6h 29min,17:36,00:05,2
"121,05",Flexpreis,Y,1,"So.,04.12.2022",Berlin+Hbf,Biberach%28Ri%C3%9F%29,6h 29min,17:36,00:05,2
"138,95",Flexpreis Plus,Y,1,"So.,04.12.2022",Berlin+Hbf,Biberach%28Ri%C3%9F%29,6h 29min,17:36,00:05,2
"41,15",Super Sparpreis Young,Y,1,"So.,04.12.2022",Berlin+Hbf,Biberach%28Ri%C3%9F%29,8h 52min,20:30,05:22,2
"47,15",Sparpreis Young,Y,1,"So.,04.12.2022",Berlin+Hbf,Biberach%28Ri%C3%9F%29,8h 52min,20:30,05:22,2
"122,75",Flexpreis,Y,1,"So.,04.12.2022",Berlin+Hbf,Biberach%28Ri%C3%9F%29,8h 52min,20:30,05:22,2
"140,85",Flexpreis Plus,Y,1,"So.,04.12.2022",Berlin+Hbf,Biberach%28Ri%C3%9F%29,8h 52min,20:30,05:22,2
"41,90",Super Sparpreis,Y,1,"So.,04.12.2022",Berlin+Hbf,Biberach%28Ri%C3%9F%29,10h 24min,20:43,07:07,1
"47,90",Sparpreis,Y,1,"So.,04.12.2022",Berlin+Hbf,Biberach%28Ri%C3%9F%29,10h 24min,20:43,07:07,1
"122,75",Flexpreis,Y,1,"So.,04.12.2022",Berlin+Hbf,Biberach%28Ri%C3%9F%29,10h 24min,20:43,07:07,1
"140,85",Flexpreis Plus,Y,1,"So.,04.12.2022",Berlin+Hbf,Biberach%28Ri%C3%9F%29,10h 24min,20:43,07:07,1
"41,15",Super Sparpreis Young,Y,1,"So.,04.12.2022",Berlin+Hbf,Biberach%28Ri%C3%9F%29,8h 52min,20:30,05:22,2
"47,15",Sparpreis Young,Y,1,"So.,04.12.2022",Berlin+Hbf,Biberach%28Ri%C3%9F%29,8h 52min,20:30,05:22,2
"122,75",Flexpreis,Y,1,"So.,04.12.2022",Berlin+Hbf,Biberach%28Ri%C3%9F%29,8h 52min,20:30,05:22,2
"140,85",Flexpreis Plus,Y,1,"So.,04.12.2022",Berlin+Hbf,Biberach%28Ri%C3%9F%29,8h 52min,20:30,05:22,2
"41,90",Super Sparpreis,Y,1,"So.,04.12.2022",Berlin+Hbf,Biberach%28Ri%C3%9F%29,10h 24min,20:43,07:07,1
"47,90",Sparpreis,Y,1,"So.,04.12.2022",Berlin+Hbf,Biberach%28Ri%C3%9F%29,10h 24min,20:43,07:07,1
"122,75",Flexpreis,Y,1,"So.,04.12.2022",Berlin+Hbf,Biberach%28Ri%C3%9F%29,10h 24min,20:43,07:07,1
"140,85",Flexpreis Plus,Y,1,"So.,04.12.2022",Berlin+Hbf,Biberach%28Ri%C3%9F%29,10h 24min,20:43,07:07,1
"25,40",Super Sparpreis,Y,1,"So.,04.12.2022",Berlin+Hbf,Biberach%28Ri%C3%9F%29,10h 46min,20:54,07:40,2
"29,90",Sparpreis,Y,1,"So.,04.12.2022",Berlin+Hbf,Biberach%28Ri%C3%9F%29,10h 46min,20:54,07:40,2
"122,75",Flexpreis,Y,1,"So.,04.12.2022",Berlin+Hbf,Biberach%28Ri%C3%9F%29,10h 46min,20:54,07:40,2
"140,85",Flexpreis Plus,Y,1,"So.,04.12.2022",Berlin+Hbf,Biberach%28Ri%C3%9F%29,10h 46min,20:54,07:40,2
"35,15",Super Sparpreis Young,Y,1,"So.,04.12.2022",Berlin+Hbf,Biberach%28Ri%C3%9F%29,10h 20min,21:20,07:40,4
"39,65",Sparpreis Young,Y,1,"So.,04.12.2022",Berlin+Hbf,Biberach%28Ri%C3%9F%29,10h 20min,21:20,07:40,4
"122,75",Flexpreis,Y,1,"So.,04.12.2022",Berlin+Hbf,Biberach%28Ri%C3%9F%29,10h 20min,21:20,07:40,4
"140,85",Flexpreis Plus,Y,1,"So.,04.12.2022",Berlin+Hbf,Biberach%28Ri%C3%9F%29,10h 20min,21:20,07:40,4
"35,15",Super Sparpreis Young,Y,1,"So.,04.12.2022",Berlin+Hbf,Biberach%28Ri%C3%9F%29,10h 44min,21:20,08:04,3
"39,65",Sparpreis Young,Y,1,"So.,04.12.2022",Berlin+Hbf,Biberach%28Ri%C3%9F%29,10h 44min,21:20,08:04,3
"122,75",Flexpreis,Y,1,"So.,04.12.2022",Berlin+Hbf,Biberach%28Ri%C3%9F%29,10h 44min,21:20,08:04,3
"140,85",Flexpreis Plus,Y,1,"So.,04.12.2022",Berlin+Hbf,Biberach%28Ri%C3%9F%29,10h 44min,21:20,08:04,3
"41,15",Super Sparpreis Young,Y,1,"So.,04.12.2022",Berlin+Hbf,Biberach%28Ri%C3%9F%29,8h 52min,20:30,05:22,2
"47,15",Sparpreis Young,Y,1,"So.,04.12.2022",Berlin+Hbf,Biberach%28Ri%C3%9F%29,8h 52min,20:30,05:22,2
"122,75",Flexpreis,Y,1,"So.,04.12.2022",Berlin+Hbf,Biberach%28Ri%C3%9F%29,8h 52min,20:30,05:22,2
"140,85",Flexpreis Plus,Y,1,"So.,04.12.2022",Berlin+Hbf,Biberach%28Ri%C3%9F%29,8h 52min,20:30,05:22,2
"41,90",Super Sparpreis,Y,1,"So.,04.12.2022",Berlin+Hbf,Biberach%28Ri%C3%9F%29,10h 24min,20:43,07:07,1
"47,90",Sparpreis,Y,1,"So.,04.12.2022",Berlin+Hbf,Biberach%28Ri%C3%9F%29,10h 24min,20:43,07:07,1
"122,75",Flexpreis,Y,1,"So.,04.12.2022",Berlin+Hbf,Biberach%28Ri%C3%9F%29,10h 24min,20:43,07:07,1
"140,85",Flexpreis Plus,Y,1,"So.,04.12.2022",Berlin+Hbf,Biberach%28Ri%C3%9F%29,10h 24min,20:43,07:07,1
"25,40",Super Sparpreis,Y,1,"So.,04.12.2022",Berlin+Hbf,Biberach%28Ri%C3%9F%29,10h 46min,20:54,07:40,2
"29,90",Sparpreis,Y,1,"So.,04.12.2022",Berlin+Hbf,Biberach%28Ri%C3%9F%29,10h 46min,20:54,07:40,2
"122,75",Flexpreis,Y,1,"So.,04.12.2022",Berlin+Hbf,Biberach%28Ri%C3%9F%29,10h 46min,20:54,07:40,2
"140,85",Flexpreis Plus,Y,1,"So.,04.12.2022",Berlin+Hbf,Biberach%28Ri%C3%9F%29,10h 46min,20:54,07:40,2
"35,15",Super Sparpreis Young,Y,1,"So.,04.12.2022",Berlin+Hbf,Biberach%28Ri%C3%9F%29,10h 20min,21:20,07:40,4
"39,65",Sparpreis Young,Y,1,"So.,04.12.2022",Berlin+Hbf,Biberach%28Ri%C3%9F%29,10h 20min,21:20,07:40,4
"122,75",Flexpreis,Y,1,"So.,04.12.2022",Berlin+Hbf,Biberach%28Ri%C3%9F%29,10h 20min,21:20,07:40,4
"140,85",Flexpreis Plus,Y,1,"So.,04.12.2022",Berlin+Hbf,Biberach%28Ri%C3%9F%29,10h 20min,21:20,07:40,4
"35,15",Super Sparpreis Young,Y,1,"So.,04.12.2022",Berlin+Hbf,Biberach%28Ri%C3%9F%29,10h 44min,21:20,08:04,3
"39,65",Sparpreis Young,Y,1,"So.,04.12.2022",Berlin+Hbf,Biberach%28Ri%C3%9F%29,10h 44min,21:20,08:04,3
"122,75",Flexpreis,Y,1,"So.,04.12.2022",Berlin+Hbf,Biberach%28Ri%C3%9F%29,10h 44min,21:20,08:04,3
"140,85",Flexpreis Plus,Y,1,"So.,04.12.2022",Berlin+Hbf,Biberach%28Ri%C3%9F%29,10h 44min,21:20,08:04,3
"41,15",Super Sparpreis Young,Y,1,"So.,04.12.2022",Berlin+Hbf,Biberach%28Ri%C3%9F%29,8h 52min,20:30,05:22,2
"47,15",Sparpreis Young,Y,1,"So.,04.12.2022",Berlin+Hbf,Biberach%28Ri%C3%9F%29,8h 52min,20:30,05:22,2
"122,75",Flexpreis,Y,1,"So.,04.12.2022",Berlin+Hbf,Biberach%28Ri%C3%9F%29,8h 52min,20:30,05:22,2
"140,85",Flexpreis Plus,Y,1,"So.,04.12.2022",Berlin+Hbf,Biberach%28Ri%C3%9F%29,8h 52min,20:30,05:22,2
"41,90",Super Sparpreis,Y,1,"So.,04.12.2022",Berlin+Hbf,Biberach%28Ri%C3%9F%29,10h 24min,20:43,07:07,1
"47,90",Sparpreis,Y,1,"So.,04.12.2022",Berlin+Hbf,Biberach%28Ri%C3%9F%29,10h 24min,20:43,07:07,1
"122,75",Flexpreis,Y,1,"So.,04.12.2022",Berlin+Hbf,Biberach%28Ri%C3%9F%29,10h 24min,20:43,07:07,1
"140,85",Flexpreis Plus,Y,1,"So.,04.12.2022",Berlin+Hbf,Biberach%28Ri%C3%9F%29,10h 24min,20:43,07:07,1
"25,40",Super Sparpreis,Y,1,"So.,04.12.2022",Berlin+Hbf,Biberach%28Ri%C3%9F%29,10h 46min,20:54,07:40,2
"29,90",Sparpreis,Y,1,"So.,04.12.2022",Berlin+Hbf,Biberach%28Ri%C3%9F%29,10h 46min,20:54,07:40,2
"122,75",Flexpreis,Y,1,"So.,04.12.2022",Berlin+Hbf,Biberach%28Ri%C3%9F%29,10h 46min,20:54,07:40,2
"140,85",Flexpreis Plus,Y,1,"So.,04.12.2022",Berlin+Hbf,Biberach%28Ri%C3%9F%29,10h 46min,20:54,07:40,2
"35,15",Super Sparpreis Young,Y,1,"So.,04.12.2022",Berlin+Hbf,Biberach%28Ri%C3%9F%29,10h 20min,21:20,07:40,4
"39,65",Sparpreis Young,Y,1,"So.,04.12.2022",Berlin+Hbf,Biberach%28Ri%C3%9F%29,10h 20min,21:20,07:40,4
"122,75",Flexpreis,Y,1,"So.,04.12.2022",Berlin+Hbf,Biberach%28Ri%C3%9F%29,10h 20min,21:20,07:40,4
"140,85",Flexpreis Plus,Y,1,"So.,04.12.2022",Berlin+Hbf,Biberach%28Ri%C3%9F%29,10h 20min,21:20,07:40,4
"35,15",Super Sparpreis Young,Y,1,"So.,04.12.2022",Berlin+Hbf,Biberach%28Ri%C3%9F%29,10h 44min,21:20,08:04,3
"39,65",Sparpreis Young,Y,1,"So.,04.12.2022",Berlin+Hbf,Biberach%28Ri%C3%9F%29,10h 44min,21:20,08:04,3
"122,75",Flexpreis,Y,1,"So.,04.12.2022",Berlin+Hbf,Biberach%28Ri%C3%9F%29,10h 44min,21:20,08:04,3
"140,85",Flexpreis Plus,Y,1,"So.,04.12.2022",Berlin+Hbf,Biberach%28Ri%C3%9F%29,10h 44min,21:20,08:04,3
"41,15",Super Sparpreis Young,Y,1,"So.,04.12.2022",Berlin+Hbf,Biberach%28Ri%C3%9F%29,8h 52min,20:30,05:22,2
"47,15",Sparpreis Young,Y,1,"So.,04.12.2022",Berlin+Hbf,Biberach%28Ri%C3%9F%29,8h 52min,20:30,05:22,2
"122,75",Flexpreis,Y,1,"So.,04.12.2022",Berlin+Hbf,Biberach%28Ri%C3%9F%29,8h 52min,20:30,05:22,2
"140,85",Flexpreis Plus,Y,1,"So.,04.12.2022",Berlin+Hbf,Biberach%28Ri%C3%9F%29,8h 52min,20:30,05:22,2
"41,90",Super Sparpreis,Y,1,"So.,04.12.2022",Berlin+Hbf,Biberach%28Ri%C3%9F%29,10h 24min,20:43,07:07,1
"47,90",Sparpreis,Y,1,"So.,04.12.2022",Berlin+Hbf,Biberach%28Ri%C3%9F%29,10h 24min,20:43,07:07,1
"122,75",Flexpreis,Y,1,"So.,04.12.2022",Berlin+Hbf,Biberach%28Ri%C3%9F%29,10h 24min,20:43,07:07,1
"140,85",Flexpreis Plus,Y,1,"So.,04.12.2022",Berlin+Hbf,Biberach%28Ri%C3%9F%29,10h 24min,20:43,07:07,1
"25,40",Super Sparpreis,Y,1,"So.,04.12.2022",Berlin+Hbf,Biberach%28Ri%C3%9F%29,10h 46min,20:54,07:40,2
"29,90",Sparpreis,Y,1,"So.,04.12.2022",Berlin+Hbf,Biberach%28Ri%C3%9F%29,10h 46min,20:54,07:40,2
"122,75",Flexpreis,Y,1,"So.,04.12.2022",Berlin+Hbf,Biberach%28Ri%C3%9F%29,10h 46min,20:54,07:40,2
"140,85",Flexpreis Plus,Y,1,"So.,04.12.2022",Berlin+Hbf,Biberach%28Ri%C3%9F%29,10h 46min,20:54,07:40,2
"35,15",Super Sparpreis Young,Y,1,"So.,04.12.2022",Berlin+Hbf,Biberach%28Ri%C3%9F%29,10h 20min,21:20,07:40,4
"39,65",Sparpreis Young,Y,1,"So.,04.12.2022",Berlin+Hbf,Biberach%28Ri%C3%9F%29,10h 20min,21:20,07:40,4
"122,75",Flexpreis,Y,1,"So.,04.12.2022",Berlin+Hbf,Biberach%28Ri%C3%9F%29,10h 20min,21:20,07:40,4
"140,85",Flexpreis Plus,Y,1,"So.,04.12.2022",Berlin+Hbf,Biberach%28Ri%C3%9F%29,10h 20min,21:20,07:40,4
"35,15",Super Sparpreis Young,Y,1,"So.,04.12.2022",Berlin+Hbf,Biberach%28Ri%C3%9F%29,10h 44min,21:20,08:04,3
"39,65",Sparpreis Young,Y,1,"So.,04.12.2022",Berlin+Hbf,Biberach%28Ri%C3%9F%29,10h 44min,21:20,08:04,3
"122,75",Flexpreis,Y,1,"So.,04.12.2022",Berlin+Hbf,Biberach%28Ri%C3%9F%29,10h 44min,21:20,08:04,3
"140,85",Flexpreis Plus,Y,1,"So.,04.12.2022",Berlin+Hbf,Biberach%28Ri%C3%9F%29,10h 44min,21:20,08:04,3
"41,15",Super Sparpreis Young,Y,1,"So.,04.12.2022",Berlin+Hbf,Biberach%28Ri%C3%9F%29,8h 52min,20:30,05:22,2
"47,15",Sparpreis Young,Y,1,"So.,04.12.2022",Berlin+Hbf,Biberach%28Ri%C3%9F%29,8h 52min,20:30,05:22,2
"122,75",Flexpreis,Y,1,"So.,04.12.2022",Berlin+Hbf,Biberach%28Ri%C3%9F%29,8h 52min,20:30,05:22,2
"140,85",Flexpreis Plus,Y,1,"So.,04.12.2022",Berlin+Hbf,Biberach%28Ri%C3%9F%29,8h 52min,20:30,05:22,2
"41,90",Super Sparpreis,Y,1,"So.,04.12.2022",Berlin+Hbf,Biberach%28Ri%C3%9F%29,10h 24min,20:43,07:07,1
"47,90",Sparpreis,Y,1,"So.,04.12.2022",Berlin+Hbf,Biberach%28Ri%C3%9F%29,10h 24min,20:43,07:07,1
"122,75",Flexpreis,Y,1,"So.,04.12.2022",Berlin+Hbf,Biberach%28Ri%C3%9F%29,10h 24min,20:43,07:07,1
"140,85",Flexpreis Plus,Y,1,"So.,04.12.2022",Berlin+Hbf,Biberach%28Ri%C3%9F%29,10h 24min,20:43,07:07,1
"25,40",Super Sparpreis,Y,1,"So.,04.12.2022",Berlin+Hbf,Biberach%28Ri%C3%9F%29,10h 46min,20:54,07:40,2
"29,90",Sparpreis,Y,1,"So.,04.12.2022",Berlin+Hbf,Biberach%28Ri%C3%9F%29,10h 46min,20:54,07:40,2
"122,75",Flexpreis,Y,1,"So.,04.12.2022",Berlin+Hbf,Biberach%28Ri%C3%9F%29,10h 46min,20:54,07:40,2
"140,85",Flexpreis Plus,Y,1,"So.,04.12.2022",Berlin+Hbf,Biberach%28Ri%C3%9F%29,10h 46min,20:54,07:40,2
"35,15",Super Sparpreis Young,Y,1,"So.,04.12.2022",Berlin+Hbf,Biberach%28Ri%C3%9F%29,10h 20min,21:20,07:40,4
"39,65",Sparpreis Young,Y,1,"So.,04.12.2022",Berlin+Hbf,Biberach%28Ri%C3%9F%29,10h 20min,21:20,07:40,4
"122,75",Flexpreis,Y,1,"So.,04.12.2022",Berlin+Hbf,Biberach%28Ri%C3%9F%29,10h 20min,21:20,07:40,4
"140,85",Flexpreis Plus,Y,1,"So.,04.12.2022",Berlin+Hbf,Biberach%28Ri%C3%9F%29,10h 20min,21:20,07:40,4
"35,15",Super Sparpreis Young,Y,1,"So.,04.12.2022",Berlin+Hbf,Biberach%28Ri%C3%9F%29,10h 44min,21:20,08:04,3
"39,65",Sparpreis Young,Y,1,"So.,04.12.2022",Berlin+Hbf,Biberach%28Ri%C3%9F%29,10h 44min,21:20,08:04,3
"122,75",Flexpreis,Y,1,"So.,04.12.2022",Berlin+Hbf,Biberach%28Ri%C3%9F%29,10h 44min,21:20,08:04,3
"140,85",Flexpreis Plus,Y,1,"So.,04.12.2022",Berlin+Hbf,Biberach%28Ri%C3%9F%29,10h 44min,21:20,08:04,3
"41,90",Super Sparpreis,Y,1,"So.,04.12.2022",Berlin+Hbf,Biberach%28Ri%C3%9F%29,10h 24min,20:43,07:07,1
"47,90",Sparpreis,Y,1,"So.,04.12.2022",Berlin+Hbf,Biberach%28Ri%C3%9F%29,10h 24min,20:43,07:07,1
"122,75",Flexpreis,Y,1,"So.,04.12.2022",Berlin+Hbf,Biberach%28Ri%C3%9F%29,10h 24min,20:43,07:07,1
"140,85",Flexpreis Plus,Y,1,"So.,04.12.2022",Berlin+Hbf,Biberach%28Ri%C3%9F%29,10h 24min,20:43,07:07,1
"25,40",Super Sparpreis,Y,1,"So.,04.12.2022",Berlin+Hbf,Biberach%28Ri%C3%9F%29,10h 46min,20:54,07:40,2
"29,90",Sparpreis,Y,1,"So.,04.12.2022",Berlin+Hbf,Biberach%28Ri%C3%9F%29,10h 46min,20:54,07:40,2
"122,75",Flexpreis,Y,1,"So.,04.12.2022",Berlin+Hbf,Biberach%28Ri%C3%9F%29,10h 46min,20:54,07:40,2
"140,85",Flexpreis Plus,Y,1,"So.,04.12.2022",Berlin+Hbf,Biberach%28Ri%C3%9F%29,10h 46min,20:54,07:40,2
"35,15",Super Sparpreis Young,Y,1,"So.,04.12.2022",Berlin+Hbf,Biberach%28Ri%C3%9F%29,10h 20min,21:20,07:40,4
"39,65",Sparpreis Young,Y,1,"So.,04.12.2022",Berlin+Hbf,Biberach%28Ri%C3%9F%29,10h 20min,21:20,07:40,4
"122,75",Flexpreis,Y,1,"So.,04.12.2022",Berlin+Hbf,Biberach%28Ri%C3%9F%29,10h 20min,21:20,07:40,4
"140,85",Flexpreis Plus,Y,1,"So.,04.12.2022",Berlin+Hbf,Biberach%28Ri%C3%9F%29,10h 20min,21:20,07:40,4
"35,15",Super Sparpreis Young,Y,1,"So.,04.12.2022",Berlin+Hbf,Biberach%28Ri%C3%9F%29,10h 44min,21:20,08:04,3
"39,65",Sparpreis Young,Y,1,"So.,04.12.2022",Berlin+Hbf,Biberach%28Ri%C3%9F%29,10h 44min,21:20,08:04,3
"122,75",Flexpreis,Y,1,"So.,04.12.2022",Berlin+Hbf,Biberach%28Ri%C3%9F%29,10h 44min,21:20,08:04,3
"140,85",Flexpreis Plus,Y,1,"So.,04.12.2022",Berlin+Hbf,Biberach%28Ri%C3%9F%29,10h 44min,21:20,08:04,3
"35,15",Super Sparpreis Young,Y,1,"So.,04.12.2022",Berlin+Hbf,Biberach%28Ri%C3%9F%29,10h 20min,21:20,07:40,4
"39,65",Sparpreis Young,Y,1,"So.,04.12.2022",Berlin+Hbf,Biberach%28Ri%C3%9F%29,10h 20min,21:20,07:40,4
"122,75",Flexpreis,Y,1,"So.,04.12.2022",Berlin+Hbf,Biberach%28Ri%C3%9F%29,10h 20min,21:20,07:40,4
"140,85",Flexpreis Plus,Y,1,"So.,04.12.2022",Berlin+Hbf,Biberach%28Ri%C3%9F%29,10h 20min,21:20,07:40,4
"35,15",Super Sparpreis Young,Y,1,"So.,04.12.2022",Berlin+Hbf,Biberach%28Ri%C3%9F%29,10h 44min,21:20,08:04,3
"39,65",Sparpreis Young,Y,1,"So.,04.12.2022",Berlin+Hbf,Biberach%28Ri%C3%9F%29,10h 44min,21:20,08:04,3
"122,75",Flexpreis,Y,1,"So.,04.12.2022",Berlin+Hbf,Biberach%28Ri%C3%9F%29,10h 44min,21:20,08:04,3
"140,85",Flexpreis Plus,Y,1,"So.,04.12.2022",Berlin+Hbf,Biberach%28Ri%C3%9F%29,10h 44min,21:20,08:04,3
"35,15",Super Sparpreis Young,Y,1,"So.,04.12.2022",Berlin+Hbf,Biberach%28Ri%C3%9F%29,10h 02min,22:38,08:40,3
"39,65",Sparpreis Young,Y,1,"So.,04.12.2022",Berlin+Hbf,Biberach%28Ri%C3%9F%29,10h 02min,22:38,08:40,3
"122,75",Flexpreis,Y,1,"So.,04.12.2022",Berlin+Hbf,Biberach%28Ri%C3%9F%29,10h 02min,22:38,08:40,3
"140,85",Flexpreis Plus,Y,1,"So.,04.12.2022",Berlin+Hbf,Biberach%28Ri%C3%9F%29,10h 02min,22:38,08:40,3
"29,15",Super Sparpreis Young,Y,1,"So.,04.12.2022",Berlin+Hbf,Biberach%28Ri%C3%9F%29,10h 45min,22:38,09:23,2
"33,65",Sparpreis Young,Y,1,"So.,04.12.2022",Berlin+Hbf,Biberach%28Ri%C3%9F%29,10h 45min,22:38,09:23,2
"122,75",Flexpreis,Y,1,"So.,04.12.2022",Berlin+Hbf,Biberach%28Ri%C3%9F%29,10h 45min,22:38,09:23,2
"140,85",Flexpreis Plus,Y,1,"So.,04.12.2022",Berlin+Hbf,Biberach%28Ri%C3%9F%29,10h 45min,22:38,09:23,2
"35,15",Super Sparpreis Young,Y,1,"So.,04.12.2022",Berlin+Hbf,Biberach%28Ri%C3%9F%29,10h 02min,22:38,08:40,3
"39,65",Sparpreis Young,Y,1,"So.,04.12.2022",Berlin+Hbf,Biberach%28Ri%C3%9F%29,10h 02min,22:38,08:40,3
"122,75",Flexpreis,Y,1,"So.,04.12.2022",Berlin+Hbf,Biberach%28Ri%C3%9F%29,10h 02min,22:38,08:40,3
"140,85",Flexpreis Plus,Y,1,"So.,04.12.2022",Berlin+Hbf,Biberach%28Ri%C3%9F%29,10h 02min,22:38,08:40,3
"29,15",Super Sparpreis Young,Y,1,"So.,04.12.2022",Berlin+Hbf,Biberach%28Ri%C3%9F%29,10h 45min,22:38,09:23,2
"33,65",Sparpreis Young,Y,1,"So.,04.12.2022",Berlin+Hbf,Biberach%28Ri%C3%9F%29,10h 45min,22:38,09:23,2
"122,75",Flexpreis,Y,1,"So.,04.12.2022",Berlin+Hbf,Biberach%28Ri%C3%9F%29,10h 45min,22:38,09:23,2
"140,85",Flexpreis Plus,Y,1,"So.,04.12.2022",Berlin+Hbf,Biberach%28Ri%C3%9F%29,10h 45min,22:38,09:23,2
"21,65",Super Sparpreis Young,Y,1,"So.,04.12.2022",Berlin+Hbf,Biberach%28Ri%C3%9F%29,9h 13min,00:27,09:40,3
"26,15",Sparpreis Young,Y,1,"So.,04.12.2022",Berlin+Hbf,Biberach%28Ri%C3%9F%29,9h 13min,00:27,09:40,3
"106,65",Flexpreis,Y,1,"So.,04.12.2022",Berlin+Hbf,Biberach%28Ri%C3%9F%29,9h 13min,00:27,09:40,3
"122,85",Flexpreis Plus,Y,1,"So.,04.12.2022",Berlin+Hbf,Biberach%28Ri%C3%9F%29,9h 13min,00:27,09:40,3
"31,40",Super Sparpreis Young,Y,1,"So.,04.12.2022",Berlin+Hbf,Biberach%28Ri%C3%9F%29,10h 13min,00:27,10:40,2
"35,90",Sparpreis Young,Y,1,"So.,04.12.2022",Berlin+Hbf,Biberach%28Ri%C3%9F%29,10h 13min,00:27,10:40,2
"106,65",Flexpreis,Y,1,"So.,04.12.2022",Berlin+Hbf,Biberach%28Ri%C3%9F%29,10h 13min,00:27,10:40,2
"122,85",Flexpreis Plus,Y,1,"So.,04.12.2022",Berlin+Hbf,Biberach%28Ri%C3%9F%29,10h 13min,00:27,10:40,2
"35,15",Super Sparpreis Young,Y,1,"So.,04.12.2022",Berlin+Hbf,Biberach%28Ri%C3%9F%29,10h 02min,22:38,08:40,3
"39,65",Sparpreis Young,Y,1,"So.,04.12.2022",Berlin+Hbf,Biberach%28Ri%C3%9F%29,10h 02min,22:38,08:40,3
"122,75",Flexpreis,Y,1,"So.,04.12.2022",Berlin+Hbf,Biberach%28Ri%C3%9F%29,10h 02min,22:38,08:40,3
"140,85",Flexpreis Plus,Y,1,"So.,04.12.2022",Berlin+Hbf,Biberach%28Ri%C3%9F%29,10h 02min,22:38,08:40,3
"29,15",Super Sparpreis Young,Y,1,"So.,04.12.2022",Berlin+Hbf,Biberach%28Ri%C3%9F%29,10h 45min,22:38,09:23,2
"33,65",Sparpreis Young,Y,1,"So.,04.12.2022",Berlin+Hbf,Biberach%28Ri%C3%9F%29,10h 45min,22:38,09:23,2
"122,75",Flexpreis,Y,1,"So.,04.12.2022",Berlin+Hbf,Biberach%28Ri%C3%9F%29,10h 45min,22:38,09:23,2
"140,85",Flexpreis Plus,Y,1,"So.,04.12.2022",Berlin+Hbf,Biberach%28Ri%C3%9F%29,10h 45min,22:38,09:23,2
"21,65",Super Sparpreis Young,Y,1,"So.,04.12.2022",Berlin+Hbf,Biberach%28Ri%C3%9F%29,9h 13min,00:27,09:40,3
"26,15",Sparpreis Young,Y,1,"So.,04.12.2022",Berlin+Hbf,Biberach%28Ri%C3%9F%29,9h 13min,00:27,09:40,3
"106,65",Flexpreis,Y,1,"So.,04.12.2022",Berlin+Hbf,Biberach%28Ri%C3%9F%29,9h 13min,00:27,09:40,3
"122,85",Flexpreis Plus,Y,1,"So.,04.12.2022",Berlin+Hbf,Biberach%28Ri%C3%9F%29,9h 13min,00:27,09:40,3
"31,40",Super Sparpreis Young,Y,1,"So.,04.12.2022",Berlin+Hbf,Biberach%28Ri%C3%9F%29,10h 13min,00:27,10:40,2
"35,90",Sparpreis Young,Y,1,"So.,04.12.2022",Berlin+Hbf,Biberach%28Ri%C3%9F%29,10h 13min,00:27,10:40,2
"106,65",Flexpreis,Y,1,"So.,04.12.2022",Berlin+Hbf,Biberach%28Ri%C3%9F%29,10h 13min,00:27,10:40,2
"122,85",Flexpreis Plus,Y,1,"So.,04.12.2022",Berlin+Hbf,Biberach%28Ri%C3%9F%29,10h 13min,00:27,10:40,2
"35,15",Super Sparpreis Young,Y,1,"So.,04.12.2022",Berlin+Hbf,Biberach%28Ri%C3%9F%29,10h 02min,22:38,08:40,3
"39,65",Sparpreis Young,Y,1,"So.,04.12.2022",Berlin+Hbf,Biberach%28Ri%C3%9F%29,10h 02min,22:38,08:40,3
"122,75",Flexpreis,Y,1,"So.,04.12.2022",Berlin+Hbf,Biberach%28Ri%C3%9F%29,10h 02min,22:38,08:40,3
"140,85",Flexpreis Plus,Y,1,"So.,04.12.2022",Berlin+Hbf,Biberach%28Ri%C3%9F%29,10h 02min,22:38,08:40,3
"29,15",Super Sparpreis Young,Y,1,"So.,04.12.2022",Berlin+Hbf,Biberach%28Ri%C3%9F%29,10h 45min,22:38,09:23,2
"33,65",Sparpreis Young,Y,1,"So.,04.12.2022",Berlin+Hbf,Biberach%28Ri%C3%9F%29,10h 45min,22:38,09:23,2
"122,75",Flexpreis,Y,1,"So.,04.12.2022",Berlin+Hbf,Biberach%28Ri%C3%9F%29,10h 45min,22:38,09:23,2
"140,85",Flexpreis Plus,Y,1,"So.,04.12.2022",Berlin+Hbf,Biberach%28Ri%C3%9F%29,10h 45min,22:38,09:23,2
"21,65",Super Sparpreis Young,Y,1,"So.,04.12.2022",Berlin+Hbf,Biberach%28Ri%C3%9F%29,9h 13min,00:27,09:40,3
"26,15",Sparpreis Young,Y,1,"So.,04.12.2022",Berlin+Hbf,Biberach%28Ri%C3%9F%29,9h 13min,00:27,09:40,3
"106,65",Flexpreis,Y,1,"So.,04.12.2022",Berlin+Hbf,Biberach%28Ri%C3%9F%29,9h 13min,00:27,09:40,3
"122,85",Flexpreis Plus,Y,1,"So.,04.12.2022",Berlin+Hbf,Biberach%28Ri%C3%9F%29,9h 13min,00:27,09:40,3
"31,40",Super Sparpreis Young,Y,1,"So.,04.12.2022",Berlin+Hbf,Biberach%28Ri%C3%9F%29,10h 13min,00:27,10:40,2
"35,90",Sparpreis Young,Y,1,"So.,04.12.2022",Berlin+Hbf,Biberach%28Ri%C3%9F%29,10h 13min,00:27,10:40,2
"106,65",Flexpreis,Y,1,"So.,04.12.2022",Berlin+Hbf,Biberach%28Ri%C3%9F%29,10h 13min,00:27,10:40,2
"122,85",Flexpreis Plus,Y,1,"So.,04.12.2022",Berlin+Hbf,Biberach%28Ri%C3%9F%29,10h 13min,00:27,10:40,2
"21,65",Super Sparpreis Young,Y,1,"So.,04.12.2022",Berlin+Hbf,Biberach%28Ri%C3%9F%29,9h 13min,00:27,09:40,3
"26,15",Sparpreis Young,Y,1,"So.,04.12.2022",Berlin+Hbf,Biberach%28Ri%C3%9F%29,9h 13min,00:27,09:40,3
"106,65",Flexpreis,Y,1,"So.,04.12.2022",Berlin+Hbf,Biberach%28Ri%C3%9F%29,9h 13min,00:27,09:40,3
"122,85",Flexpreis Plus,Y,1,"So.,04.12.2022",Berlin+Hbf,Biberach%28Ri%C3%9F%29,9h 13min,00:27,09:40,3
"31,40",Super Sparpreis Young,Y,1,"So.,04.12.2022",Berlin+Hbf,Biberach%28Ri%C3%9F%29,10h 13min,00:27,10:40,2
"35,90",Sparpreis Young,Y,1,"So.,04.12.2022",Berlin+Hbf,Biberach%28Ri%C3%9F%29,10h 13min,00:27,10:40,2
"106,65",Flexpreis,Y,1,"So.,04.12.2022",Berlin+Hbf,Biberach%28Ri%C3%9F%29,10h 13min,00:27,10:40,2
"122,85",Flexpreis Plus,Y,1,"So.,04.12.2022",Berlin+Hbf,Biberach%28Ri%C3%9F%29,10h 13min,00:27,10:40,2
"26,15",Super Sparpreis Young,Y,1,"So.,04.12.2022",Berlin+Hbf,Biberach%28Ri%C3%9F%29,7h 12min,05:28,12:40,1
"30,65",Sparpreis Young,Y,1,"So.,04.12.2022",Berlin+Hbf,Biberach%28Ri%C3%9F%29,7h 12min,05:28,12:40,1
"106,65",Flexpreis,Y,1,"So.,04.12.2022",Berlin+Hbf,Biberach%28Ri%C3%9F%29,7h 12min,05:28,12:40,1
"122,85",Flexpreis Plus,Y,1,"So.,04.12.2022",Berlin+Hbf,Biberach%28Ri%C3%9F%29,7h 12min,05:28,12:40,1
"21,65",Super Sparpreis Young,Y,1,"So.,04.12.2022",Berlin+Hbf,Biberach%28Ri%C3%9F%29,6h 02min,05:34,11:36,2
"26,15",Sparpreis Young,Y,1,"So.,04.12.2022",Berlin+Hbf,Biberach%28Ri%C3%9F%29,6h 02min,05:34,11:36,2
"105,15",Flexpreis,Y,1,"So.,04.12.2022",Berlin+Hbf,Biberach%28Ri%C3%9F%29,6h 02min,05:34,11:36,2
"121,10",Flexpreis Plus,Y,1,"So.,04.12.2022",Berlin+Hbf,Biberach%28Ri%C3%9F%29,6h 02min,05:34,11:36,2
"21,65",Super Sparpreis Young,Y,1,"So.,04.12.2022",Berlin+Hbf,Biberach%28Ri%C3%9F%29,9h 13min,00:27,09:40,3
"26,15",Sparpreis Young,Y,1,"So.,04.12.2022",Berlin+Hbf,Biberach%28Ri%C3%9F%29,9h 13min,00:27,09:40,3
"106,65",Flexpreis,Y,1,"So.,04.12.2022",Berlin+Hbf,Biberach%28Ri%C3%9F%29,9h 13min,00:27,09:40,3
"122,85",Flexpreis Plus,Y,1,"So.,04.12.2022",Berlin+Hbf,Biberach%28Ri%C3%9F%29,9h 13min,00:27,09:40,3
"31,40",Super Sparpreis Young,Y,1,"So.,04.12.2022",Berlin+Hbf,Biberach%28Ri%C3%9F%29,10h 13min,00:27,10:40,2
"35,90",Sparpreis Young,Y,1,"So.,04.12.2022",Berlin+Hbf,Biberach%28Ri%C3%9F%29,10h 13min,00:27,10:40,2
"106,65",Flexpreis,Y,1,"So.,04.12.2022",Berlin+Hbf,Biberach%28Ri%C3%9F%29,10h 13min,00:27,10:40,2
"122,85",Flexpreis Plus,Y,1,"So.,04.12.2022",Berlin+Hbf,Biberach%28Ri%C3%9F%29,10h 13min,00:27,10:40,2
"26,15",Super Sparpreis Young,Y,1,"So.,04.12.2022",Berlin+Hbf,Biberach%28Ri%C3%9F%29,7h 12min,05:28,12:40,1
"30,65",Sparpreis Young,Y,1,"So.,04.12.2022",Berlin+Hbf,Biberach%28Ri%C3%9F%29,7h 12min,05:28,12:40,1
"106,65",Flexpreis,Y,1,"So.,04.12.2022",Berlin+Hbf,Biberach%28Ri%C3%9F%29,7h 12min,05:28,12:40,1
"122,85",Flexpreis Plus,Y,1,"So.,04.12.2022",Berlin+Hbf,Biberach%28Ri%C3%9F%29,7h 12min,05:28,12:40,1
"21,65",Super Sparpreis Young,Y,1,"So.,04.12.2022",Berlin+Hbf,Biberach%28Ri%C3%9F%29,6h 02min,05:34,11:36,2
"26,15",Sparpreis Young,Y,1,"So.,04.12.2022",Berlin+Hbf,Biberach%28Ri%C3%9F%29,6h 02min,05:34,11:36,2
"105,15",Flexpreis,Y,1,"So.,04.12.2022",Berlin+Hbf,Biberach%28Ri%C3%9F%29,6h 02min,05:34,11:36,2
"121,10",Flexpreis Plus,Y,1,"So.,04.12.2022",Berlin+Hbf,Biberach%28Ri%C3%9F%29,6h 02min,05:34,11:36,2
